
 initial chromosome
x0P       y0P        Th0P       v0P      v0C     Det    Coll   OF1    OF2   OF3     Rank    CD  
250.657040  315.525295  -124.761582  4.653503  58.235839  1  1  0.528203  0.180371 0.680770 1 Inf
206.922612  309.232897  -30.111737  4.168829  86.500146  0  0  0.425082  4.000000 0.213555 1 Inf
246.953108  313.410722  -92.932758  3.621912  18.390530  1  0  3.657009  0.546324 0.000000 1 Inf
229.534686  309.542621  -62.442439  3.837459  68.804929  0  0  8.056930  1.111592 0.000000 2 Inf
207.944850  316.367706  -25.139966  2.941503  72.744233  0  0  8.607772  4.000000 0.304861 3 Inf
243.592996  304.163827  -106.769242  1.184686  11.992186  1  0  9.946007  1.235496 0.000000 3 Inf
240.323145  304.214252  -38.104483  4.735973  62.242717  0  0  18.904469  1.273167 0.000000 4 Inf
204.040126  307.370477  -74.374218  4.830027  86.966369  0  0  45.849980  2.322522 0.000000 5 Inf
251.224759  312.782772  -101.948062  4.800888  6.576141  0  0  20.491033  2.743014 0.000000 5 Inf
226.218383  308.710260  -48.137985  4.180800  19.745793  0  0  27.250512  4.000000 0.000000 6 Inf

 solution 
250.657040  315.525295  -124.761582  4.653503  58.235839  1  1  0.528203  0.180371 0.680770 1 Inf
206.922612  309.232897  -30.111737  4.168829  86.500146  0  0  0.425082  4.000000 0.213555 1 Inf
246.953108  313.410722  -92.932758  3.621912  18.390530  1  0  3.657009  0.546324 0.000000 1 Inf
229.534686  309.542621  -62.442439  3.837459  68.804929  0  0  8.056930  1.111592 0.000000 2 Inf
207.944850  316.367706  -25.139966  2.941503  72.744233  0  0  8.607772  4.000000 0.304861 3 Inf
243.592996  304.163827  -106.769242  1.184686  11.992186  1  0  9.946007  1.235496 0.000000 3 Inf
240.323145  304.214252  -38.104483  4.735973  62.242717  0  0  18.904469  1.273167 0.000000 4 Inf
204.040126  307.370477  -74.374218  4.830027  86.966369  0  0  45.849980  2.322522 0.000000 5 Inf
251.224759  312.782772  -101.948062  4.800888  6.576141  0  0  20.491033  2.743014 0.000000 5 Inf
226.218383  308.710260  -48.137985  4.180800  19.745793  0  0  27.250512  4.000000 0.000000 6 Inf
totSimTime 248.866 

 Total number of times we call the sim in about 150mn = 0 
