
 initial chromosome
x0P       y0P        Th0P       v0P      v0C     Det   OF1    OF2   OF3     Rank    CD  
218.660667  313.951611  -83.437142  1.143051  18.795550  1  1.339205  0.362644  0.000000  1 Inf 
216.489197  312.483506  -56.583140  1.271971  25.613870  0  1.770923  4.000000  0.277122  2 Inf 
212.262602  312.431825  -38.672941  2.377850  71.036898  0  3.216824  4.000000  0.020404  2 Inf 
241.596584  303.837299  -67.739541  2.547085  82.741643  0  7.023082  1.036312  0.000000  2 Inf 
240.238971  309.049050  -41.602253  3.873436  87.291302  0  2.475508  4.000000  1.035078  3 Inf 
232.236704  307.976894  -127.324496  3.443835  70.888514  1  19.894156  1.888577  0.000000  3 Inf 
259.035471  312.040218  -25.076727  1.962828  62.016967  0  8.992367  4.000000  0.790753  3 Inf 
226.305534  310.602856  -85.109076  4.501486  48.359702  0  32.239964  3.032021  0.000000  4 Inf 
225.224440  304.930703  -108.023421  1.614627  27.878858  0  37.445893  3.780096  0.000000  5 Inf 
197.774819  309.761839  -89.078115  2.843665  70.141801  0  43.876257  4.000000  0.000000  6 Inf 
SimTimeUntilNow 243.714 

 Total number of times we call the sim until now = 0 
%%%%%%%%%%%%%%% 
Generation Number = 1 
Intermediate_Chromosome after sorting 
218.660667  313.951611  -83.437142  1.143051  18.795550  1  1.339205  0.362644  0.000000  1 Inf 
212.650863  311.424958  -39.224779  3.088229  72.014393  1  0.565753  0.093747  0.906580  1 Inf 
215.407590  313.481664  -56.959100  1.602800  26.841736  1  0.959401  0.278826  0.169593  1 3.000000 
212.262602  312.431825  -38.672941  2.377850  71.036898  0  3.216824  4.000000  0.020404  2 2.461932 
241.596584  303.837299  -67.739541  2.547085  82.741643  0  7.023082  1.036312  0.000000  2 Inf 
216.021332  312.484541  -56.462972  1.266317  25.308064  0  1.652804  4.000000  0.521777  2 Inf 
216.942505  312.468879  -58.254372  1.266265  25.650185  0  1.705645  4.000000  0.246160  2 Inf 
216.489197  312.483506  -56.583140  1.271971  25.613870  0  1.770923  4.000000  0.277122  3 Inf 
232.236704  307.976894  -127.324496  3.443835  70.888514  1  19.894156  1.888577  0.000000  3 Inf 
259.503336  312.039183  -25.196895  1.968482  62.322772  0  9.048472  4.000000  0.063103  3 1.480488 
261.978829  314.703618  -20.000000  1.442476  63.892918  0  12.320324  4.000000  0.028157  3 Inf 
240.238971  309.049050  -41.602253  3.873436  87.291302  0  2.475508  4.000000  1.035078  4 Inf 
226.305534  310.602856  -85.109076  4.501486  48.359702  0  32.239964  3.032021  0.000000  4 Inf 
258.582163  312.054845  -23.405496  1.968534  61.980651  0  9.051190  4.000000  0.305337  4 1.257866 
217.296911  313.476795  -53.868365  1.216863  25.229381  0  3.430038  4.000000  0.510031  4 0.742134 
257.141298  310.725682  -20.000000  1.615221  60.261996  0  7.999682  4.000000  0.459018  4 Inf 
225.224440  304.930703  -108.023421  1.614627  27.878858  0  37.445893  3.780096  0.000000  5 Inf 
214.927528  315.016134  -42.770691  1.748500  74.228252  0  7.309664  4.000000  0.777451  5 Inf 
259.035471  312.040218  -25.076727  1.962828  62.016967  0  8.992367  4.000000  0.790753  6 Inf 
197.774819  309.761839  -89.078115  2.843665  70.141801  0  43.876257  4.000000  0.000000  6 Inf 
SimTimeUntilNow 594.488 
selected chromosome 
218.660667  313.951611  -83.437142  1.143051  18.795550  1  1.339205  0.362644  0.000000  1 Inf 
212.650863  311.424958  -39.224779  3.088229  72.014393  1  0.565753  0.093747  0.906580  1 Inf 
215.407590  313.481664  -56.959100  1.602800  26.841736  1  0.959401  0.278826  0.169593  1 3.000000 
212.262602  312.431825  -38.672941  2.377850  71.036898  0  3.216824  4.000000  0.020404  2 2.461932 
241.596584  303.837299  -67.739541  2.547085  82.741643  0  7.023082  1.036312  0.000000  2 Inf 
216.021332  312.484541  -56.462972  1.266317  25.308064  0  1.652804  4.000000  0.521777  2 Inf 
216.942505  312.468879  -58.254372  1.266265  25.650185  0  1.705645  4.000000  0.246160  2 Inf 
216.489197  312.483506  -56.583140  1.271971  25.613870  0  1.770923  4.000000  0.277122  3 Inf 
232.236704  307.976894  -127.324496  3.443835  70.888514  1  19.894156  1.888577  0.000000  3 Inf 
261.978829  314.703618  -20.000000  1.442476  63.892918  0  12.320324  4.000000  0.028157  3 Inf 
SimTimeUntilNow 594.491 

 Total number of times we call the sim until now = 10 
%%%%%%%%%%%%%%% 
Generation Number = 2 
Intermediate_Chromosome after sorting 
218.660667  313.951611  -83.437142  1.143051  18.795550  1  1.339205  0.362644  0.000000  1 Inf 
212.650863  311.424958  -39.224779  3.088229  72.014393  1  0.565753  0.093747  0.906580  1 Inf 
215.407590  313.481664  -56.959100  1.602800  26.841736  1  0.959401  0.278826  0.169593  1 1.100604 
212.631490  311.395130  -39.226480  3.122987  72.026164  1  0.773757  0.093750  0.400886  1 0.728924 
212.663384  311.418806  -39.281199  3.089194  72.013421  0  0.552294  4.000000  0.413637  1 1.625108 
212.654641  311.466091  -39.228619  3.094860  72.028924  0  0.414374  4.000000  0.953669  1 Inf 
212.262602  312.431825  -38.672941  2.377850  71.036898  0  3.216824  4.000000  0.020404  2 2.137976 
241.596584  303.837299  -67.739541  2.547085  82.741643  0  7.023082  1.036312  0.000000  2 Inf 
216.021332  312.484541  -56.462972  1.266317  25.308064  0  1.652804  4.000000  0.521777  2 Inf 
216.942505  312.468879  -58.254372  1.266265  25.650185  0  1.705645  4.000000  0.246160  2 0.862024 
211.855910  312.740834  -45.762367  2.233964  71.942277  0  2.621351  4.000000  0.166097  2 Inf 
216.489197  312.483506  -56.583140  1.271971  25.613870  0  1.770923  4.000000  0.277122  3 Inf 
232.236704  307.976894  -127.324496  3.443835  70.888514  1  19.894156  1.888577  0.000000  3 Inf 
261.978829  314.703618  -20.000000  1.442476  63.892918  0  12.320324  4.000000  0.028157  3 1.343238 
212.552980  310.596873  -20.000000  3.179751  71.359948  0  3.756995  4.000000  0.125488  3 Inf 
211.250330  313.534546  -37.672556  2.425311  72.032370  0  4.201062  4.000000  0.257360  4 Inf 
212.281975  312.461653  -38.671240  2.343092  71.025127  0  3.158720  4.000000  0.389647  4 Inf 
212.250081  312.437977  -38.616521  2.376885  71.037870  0  3.031368  4.000000  0.526052  4 Inf 
212.258824  312.390692  -38.669101  2.371218  71.022367  0  3.050468  4.000000  0.493371  4 Inf 
213.262602  313.414533  -37.672941  2.004460  70.837008  0  5.282433  4.000000  0.261834  5 Inf 
SimTimeUntilNow 858.222 
selected chromosome 
218.660667  313.951611  -83.437142  1.143051  18.795550  1  1.339205  0.362644  0.000000  1 Inf 
212.650863  311.424958  -39.224779  3.088229  72.014393  1  0.565753  0.093747  0.906580  1 Inf 
215.407590  313.481664  -56.959100  1.602800  26.841736  1  0.959401  0.278826  0.169593  1 1.100604 
212.631490  311.395130  -39.226480  3.122987  72.026164  1  0.773757  0.093750  0.400886  1 0.728924 
212.663384  311.418806  -39.281199  3.089194  72.013421  0  0.552294  4.000000  0.413637  1 1.625108 
212.654641  311.466091  -39.228619  3.094860  72.028924  0  0.414374  4.000000  0.953669  1 Inf 
241.596584  303.837299  -67.739541  2.547085  82.741643  0  7.023082  1.036312  0.000000  2 Inf 
216.021332  312.484541  -56.462972  1.266317  25.308064  0  1.652804  4.000000  0.521777  2 Inf 
211.855910  312.740834  -45.762367  2.233964  71.942277  0  2.621351  4.000000  0.166097  2 Inf 
212.262602  312.431825  -38.672941  2.377850  71.036898  0  3.216824  4.000000  0.020404  2 2.137976 
SimTimeUntilNow 858.229 

 Total number of times we call the sim until now = 20 
%%%%%%%%%%%%%%% 
Generation Number = 3 
Intermediate_Chromosome after sorting 
212.650863  311.424958  -39.224779  3.088229  72.014393  1  0.565753  0.093747  0.906580  1 Inf 
212.631490  311.395130  -39.226480  3.122987  72.026164  1  0.773757  0.093750  0.400886  1 1.079401 
218.657882  314.027443  -84.936099  1.171125  19.881317  1  0.959611  0.200779  0.000000  1 Inf 
219.002426  313.847449  -81.860429  1.199624  20.153321  1  1.010732  0.200732  0.000000  1 Inf 
212.309104  311.529119  -40.801491  3.031656  70.656622  0  0.100745  4.000000  0.285007  1 Inf 
212.650678  311.425054  -39.227421  3.088199  72.014442  0  0.444121  4.000000  0.274056  1 Inf 
211.880230  311.224166  -39.916914  2.788027  70.468707  1  0.612494  0.141888  0.000497  1 0.558264 
218.660667  313.951611  -83.437142  1.143051  18.795550  1  1.339205  0.362644  0.000000  2 Inf 
215.407590  313.481664  -56.959100  1.602800  26.841736  1  0.959401  0.278826  0.169593  2 1.090485 
212.663384  311.418806  -39.281199  3.089194  72.013421  0  0.552294  4.000000  0.413637  2 1.194605 
212.654641  311.466091  -39.228619  3.094860  72.028924  0  0.414374  4.000000  0.953669  2 Inf 
212.653648  311.349125  -37.725822  3.060155  70.928625  1  0.679574  0.141891  0.305196  2 Inf 
212.663569  311.418710  -39.278557  3.089224  72.013371  0  0.552077  4.000000  0.413878  2 Inf 
241.596584  303.837299  -67.739541  2.547085  82.741643  0  7.023082  1.036312  0.000000  3 Inf 
212.262602  312.431825  -38.672941  2.377850  71.036898  0  3.216824  4.000000  0.020404  3 1.932547 
218.831528  312.956635  -85.006644  1.000000  19.408051  0  0.430055  4.000000  1.586543  3 Inf 
215.207961  310.469469  -38.314849  2.458406  71.432486  0  1.464571  4.000000  0.141928  3 Inf 
216.021332  312.484541  -56.462972  1.266317  25.308064  0  1.652804  4.000000  0.521777  4 Inf 
211.855910  312.740834  -45.762367  2.233964  71.942277  0  2.621351  4.000000  0.166097  4 Inf 
217.628407  313.961452  -79.692271  1.978074  19.319266  0  26.123307  4.000000  0.000000  4 Inf 
SimTimeUntilNow 1127.505 
selected chromosome 
212.650863  311.424958  -39.224779  3.088229  72.014393  1  0.565753  0.093747  0.906580  1 Inf 
212.631490  311.395130  -39.226480  3.122987  72.026164  1  0.773757  0.093750  0.400886  1 1.079401 
218.657882  314.027443  -84.936099  1.171125  19.881317  1  0.959611  0.200779  0.000000  1 Inf 
219.002426  313.847449  -81.860429  1.199624  20.153321  1  1.010732  0.200732  0.000000  1 Inf 
212.309104  311.529119  -40.801491  3.031656  70.656622  0  0.100745  4.000000  0.285007  1 Inf 
212.650678  311.425054  -39.227421  3.088199  72.014442  0  0.444121  4.000000  0.274056  1 Inf 
211.880230  311.224166  -39.916914  2.788027  70.468707  1  0.612494  0.141888  0.000497  1 0.558264 
218.660667  313.951611  -83.437142  1.143051  18.795550  1  1.339205  0.362644  0.000000  2 Inf 
212.654641  311.466091  -39.228619  3.094860  72.028924  0  0.414374  4.000000  0.953669  2 Inf 
212.653648  311.349125  -37.725822  3.060155  70.928625  1  0.679574  0.141891  0.305196  2 Inf 
SimTimeUntilNow 1127.506 

 Total number of times we call the sim until now = 30 
%%%%%%%%%%%%%%% 
Generation Number = 4 
Intermediate_Chromosome after sorting 
212.650863  311.424958  -39.224779  3.088229  72.014393  1  0.565753  0.093747  0.906580  1 Inf 
212.631490  311.395130  -39.226480  3.122987  72.026164  1  0.773757  0.093750  0.400886  1 1.035334 
218.657882  314.027443  -84.936099  1.171125  19.881317  1  0.959611  0.200779  0.000000  1 Inf 
219.002426  313.847449  -81.860429  1.199624  20.153321  1  1.010732  0.200732  0.000000  1 Inf 
212.309104  311.529119  -40.801491  3.031656  70.656622  0  0.100745  4.000000  0.285007  1 1.410500 
212.650678  311.425054  -39.227421  3.088199  72.014442  0  0.444121  4.000000  0.274056  1 0.815483 
211.880230  311.224166  -39.916914  2.788027  70.468707  1  0.612494  0.141888  0.000497  1 0.554082 
212.312269  311.529725  -40.826571  3.033683  70.699300  0  0.083785  4.000000  0.318629  1 Inf 
218.660667  313.951611  -83.437142  1.143051  18.795550  1  1.339205  0.362644  0.000000  2 Inf 
212.653648  311.349125  -37.725822  3.060155  70.928625  1  0.679574  0.141891  0.305196  2 Inf 
218.416736  314.008329  -84.608418  1.149798  19.609299  0  0.987848  0.413445  0.000000  2 1.900322 
212.891825  311.444169  -39.555101  3.109526  72.286461  0  0.203937  4.000000  0.810603  2 Inf 
212.654641  311.466091  -39.228619  3.094860  72.028924  0  0.414374  4.000000  0.953669  3 Inf 
211.644893  311.223976  -40.232052  3.015502  72.114352  0  0.822196  4.000000  0.456324  3 1.032170 
211.572354  312.529293  -39.746473  3.975280  71.669154  0  1.120735  4.000000  0.000000  3 Inf 
212.647513  311.424448  -39.202341  3.086172  71.971764  0  0.466904  4.000000  0.872363  3 Inf 
213.288082  310.429171  -40.192641  4.091279  73.029410  0  5.982428  1.059068  0.000000  3 Inf 
211.758737  309.653616  -44.216019  2.882768  72.857402  0  2.285354  4.000000  0.000000  4 Inf 
211.182780  312.149373  -29.061614  3.536811  69.440200  0  2.272420  4.000000  0.267243  4 Inf 
212.933485  312.640873  -30.000115  2.377519  72.757269  0  5.096323  4.000000  0.034287  5 Inf 
SimTimeUntilNow 1374.505 
selected chromosome 
212.650863  311.424958  -39.224779  3.088229  72.014393  1  0.565753  0.093747  0.906580  1 Inf 
212.631490  311.395130  -39.226480  3.122987  72.026164  1  0.773757  0.093750  0.400886  1 1.035334 
218.657882  314.027443  -84.936099  1.171125  19.881317  1  0.959611  0.200779  0.000000  1 Inf 
219.002426  313.847449  -81.860429  1.199624  20.153321  1  1.010732  0.200732  0.000000  1 Inf 
212.309104  311.529119  -40.801491  3.031656  70.656622  0  0.100745  4.000000  0.285007  1 1.410500 
212.650678  311.425054  -39.227421  3.088199  72.014442  0  0.444121  4.000000  0.274056  1 0.815483 
211.880230  311.224166  -39.916914  2.788027  70.468707  1  0.612494  0.141888  0.000497  1 0.554082 
212.312269  311.529725  -40.826571  3.033683  70.699300  0  0.083785  4.000000  0.318629  1 Inf 
218.660667  313.951611  -83.437142  1.143051  18.795550  1  1.339205  0.362644  0.000000  2 Inf 
212.653648  311.349125  -37.725822  3.060155  70.928625  1  0.679574  0.141891  0.305196  2 Inf 
SimTimeUntilNow 1374.506 

 Total number of times we call the sim until now = 40 
%%%%%%%%%%%%%%% 
Generation Number = 5 
Intermediate_Chromosome after sorting 
212.650863  311.424958  -39.224779  3.088229  72.014393  1  0.565753  0.093747  0.906580  1 Inf 
212.631490  311.395130  -39.226480  3.122987  72.026164  1  0.773757  0.093750  0.400886  1 0.753964 
218.657882  314.027443  -84.936099  1.171125  19.881317  1  0.959611  0.200779  0.000000  1 Inf 
219.002426  313.847449  -81.860429  1.199624  20.153321  1  1.010732  0.200732  0.000000  1 Inf 
212.309104  311.529119  -40.801491  3.031656  70.656622  0  0.100745  4.000000  0.285007  1 1.166270 
211.880230  311.224166  -39.916914  2.788027  70.468707  1  0.612494  0.141888  0.000497  1 0.327275 
212.312269  311.529725  -40.826571  3.033683  70.699300  0  0.083785  4.000000  0.318629  1 Inf 
218.603164  312.881980  -82.925957  1.000000  20.772847  1  0.327501  0.258357  1.601320  1 Inf 
212.223000  311.522320  -41.253022  2.984851  70.996820  0  0.162502  4.000000  0.120884  1 Inf 
212.650678  311.425054  -39.227421  3.088199  72.014442  0  0.444121  4.000000  0.274056  2 1.489930 
218.660667  313.951611  -83.437142  1.143051  18.795550  1  1.339205  0.362644  0.000000  2 Inf 
212.653648  311.349125  -37.725822  3.060155  70.928625  1  0.679574  0.141891  0.305196  2 Inf 
219.088530  313.854248  -81.408898  1.246429  19.813122  1  1.630515  0.330165  0.000000  2 Inf 
212.927046  311.398182  -39.444120  3.252696  71.746970  0  0.341895  4.000000  1.070484  2 Inf 
212.073749  310.437866  -38.161687  3.843650  70.768163  0  3.087894  4.000000  0.000000  3 Inf 
219.390403  315.360857  -82.649443  2.328419  23.083883  0  20.582451  3.024610  0.000000  3 Inf 
212.001655  310.478044  -39.826019  2.342024  70.909329  0  1.048374  4.000000  0.386838  3 Inf 
218.726243  313.874225  -81.641088  1.035158  20.420743  1  0.883588  0.403841  0.955479  3 Inf 
212.171277  310.181610  -49.698096  3.476164  73.083286  0  16.110768  4.000000  0.000000  4 Inf 
219.055647  310.892744  -87.858654  2.237228  19.418315  0  38.631519  4.000000  0.000000  5 Inf 
SimTimeUntilNow 1636.199 
selected chromosome 
212.650863  311.424958  -39.224779  3.088229  72.014393  1  0.565753  0.093747  0.906580  1 Inf 
212.631490  311.395130  -39.226480  3.122987  72.026164  1  0.773757  0.093750  0.400886  1 0.753964 
218.657882  314.027443  -84.936099  1.171125  19.881317  1  0.959611  0.200779  0.000000  1 Inf 
219.002426  313.847449  -81.860429  1.199624  20.153321  1  1.010732  0.200732  0.000000  1 Inf 
212.309104  311.529119  -40.801491  3.031656  70.656622  0  0.100745  4.000000  0.285007  1 1.166270 
211.880230  311.224166  -39.916914  2.788027  70.468707  1  0.612494  0.141888  0.000497  1 0.327275 
212.312269  311.529725  -40.826571  3.033683  70.699300  0  0.083785  4.000000  0.318629  1 Inf 
218.603164  312.881980  -82.925957  1.000000  20.772847  1  0.327501  0.258357  1.601320  1 Inf 
212.223000  311.522320  -41.253022  2.984851  70.996820  0  0.162502  4.000000  0.120884  1 Inf 
218.660667  313.951611  -83.437142  1.143051  18.795550  1  1.339205  0.362644  0.000000  2 Inf 
SimTimeUntilNow 1636.201 

 Total number of times we call the sim until now = 50 
%%%%%%%%%%%%%%% 
Generation Number = 6 
Intermediate_Chromosome after sorting 
212.650863  311.424958  -39.224779  3.088229  72.014393  1  0.565753  0.093747  0.906580  1 Inf 
212.631490  311.395130  -39.226480  3.122987  72.026164  1  0.773757  0.093750  0.400886  1 0.589377 
218.657882  314.027443  -84.936099  1.171125  19.881317  1  0.959611  0.200779  0.000000  1 Inf 
219.002426  313.847449  -81.860429  1.199624  20.153321  1  1.010732  0.200732  0.000000  1 Inf 
211.880230  311.224166  -39.916914  2.788027  70.468707  1  0.612494  0.141888  0.000497  1 0.314179 
212.312269  311.529725  -40.826571  3.033683  70.699300  0  0.083785  4.000000  0.318629  1 1.064242 
218.603164  312.881980  -82.925957  1.000000  20.772847  1  0.327501  0.258357  1.601320  1 Inf 
212.223000  311.522320  -41.253022  2.984851  70.996820  0  0.162502  4.000000  0.120884  1 0.206765 
212.350602  311.572923  -40.193360  2.936461  69.695587  1  0.346683  0.119340  0.676095  1 0.455096 
218.475562  312.831377  -83.985619  1.048391  22.074080  1  0.445703  0.246942  0.339901  1 0.296036 
212.225440  311.521877  -41.253890  2.984328  70.979400  0  0.246143  4.000000  0.111935  1 0.252423 
212.309830  311.530168  -40.825704  3.034206  70.716721  0  0.079817  4.000000  0.327276  1 Inf 
212.379593  311.497027  -39.943406  3.094464  70.712781  0  0.098044  4.000000  0.188277  1 Inf 
212.309104  311.529119  -40.801491  3.031656  70.656622  0  0.100745  4.000000  0.285007  2 Inf 
218.660667  313.951611  -83.437142  1.143051  18.795550  1  1.339205  0.362644  0.000000  2 Inf 
213.392432  312.232159  -57.648406  2.173721  71.488613  1  0.730920  0.258861  0.192163  2 Inf 
218.535840  312.914678  -83.809122  1.000000  20.759366  1  0.375112  0.330168  1.763441  2 Inf 
219.325174  314.852859  -82.643146  1.953370  22.355771  0  16.045761  2.391018  0.000000  3 Inf 
216.959236  316.060092  -97.696300  1.969463  21.368885  0  20.987263  2.742738  0.000000  4 Inf 
218.219512  311.885828  -83.917660  1.782805  21.782794  0  24.997198  3.587803  0.000000  5 Inf 
SimTimeUntilNow 1901.025 
selected chromosome 
212.650863  311.424958  -39.224779  3.088229  72.014393  1  0.565753  0.093747  0.906580  1 Inf 
218.657882  314.027443  -84.936099  1.171125  19.881317  1  0.959611  0.200779  0.000000  1 Inf 
219.002426  313.847449  -81.860429  1.199624  20.153321  1  1.010732  0.200732  0.000000  1 Inf 
218.603164  312.881980  -82.925957  1.000000  20.772847  1  0.327501  0.258357  1.601320  1 Inf 
212.309830  311.530168  -40.825704  3.034206  70.716721  0  0.079817  4.000000  0.327276  1 Inf 
212.379593  311.497027  -39.943406  3.094464  70.712781  0  0.098044  4.000000  0.188277  1 Inf 
212.312269  311.529725  -40.826571  3.033683  70.699300  0  0.083785  4.000000  0.318629  1 1.064242 
212.631490  311.395130  -39.226480  3.122987  72.026164  1  0.773757  0.093750  0.400886  1 0.589377 
212.350602  311.572923  -40.193360  2.936461  69.695587  1  0.346683  0.119340  0.676095  1 0.455096 
211.880230  311.224166  -39.916914  2.788027  70.468707  1  0.612494  0.141888  0.000497  1 0.314179 
SimTimeUntilNow 1901.028 

 Total number of times we call the sim until now = 60 
%%%%%%%%%%%%%%% 
Generation Number = 7 
Intermediate_Chromosome after sorting 
212.650863  311.424958  -39.224779  3.088229  72.014393  1  0.565753  0.093747  0.906580  1 Inf 
218.657882  314.027443  -84.936099  1.171125  19.881317  1  0.959611  0.200779  0.000000  1 Inf 
219.002426  313.847449  -81.860429  1.199624  20.153321  1  1.010732  0.200732  0.000000  1 Inf 
218.603164  312.881980  -82.925957  1.000000  20.772847  1  0.327501  0.258357  1.601320  1 1.904469 
212.309830  311.530168  -40.825704  3.034206  70.716721  0  0.079817  4.000000  0.327276  1 1.014240 
212.379593  311.497027  -39.943406  3.094464  70.712781  0  0.098044  4.000000  0.188277  1 0.366947 
212.312269  311.529725  -40.826571  3.033683  70.699300  0  0.083785  4.000000  0.318629  1 0.067742 
212.631490  311.395130  -39.226480  3.122987  72.026164  1  0.773757  0.093750  0.400886  1 0.302634 
212.350602  311.572923  -40.193360  2.936461  69.695587  1  0.346683  0.119340  0.676095  1 0.439148 
211.880230  311.224166  -39.916914  2.788027  70.468707  1  0.612494  0.141888  0.000497  1 0.304898 
218.464882  312.903119  -82.615896  1.000000  19.990094  1  0.057468  0.247022  2.858785  1 Inf 
212.292712  311.316369  -40.292387  3.247043  70.280340  0  0.778425  4.000000  0.000000  1 Inf 
212.789145  311.403819  -39.534840  3.146961  72.797145  0  0.275932  4.000000  0.545428  2 Inf 
213.379593  310.497027  -38.943406  3.688352  71.712781  1  1.941308  0.212634  0.000000  2 Inf 
218.690045  313.062638  -82.576975  1.000000  21.205287  1  0.835310  0.329909  0.000591  2 3.000000 
219.493759  313.592311  -87.991045  1.288507  19.682404  1  4.297616  0.746058  0.000000  3 Inf 
211.086292  310.523038  -39.239684  4.011055  72.106849  0  6.157882  1.059068  0.000000  4 Inf 
221.513214  315.906228  -76.262541  1.000000  22.091227  0  4.876292  4.000000  0.646726  4 Inf 
213.117631  309.444882  -41.186753  3.552278  70.586326  0  7.711204  1.151383  0.000000  5 Inf 
216.267909  316.087337  -109.700924  2.620690  21.763177  0  34.165854  4.000000  0.000000  6 Inf 
SimTimeUntilNow 2155.370 
selected chromosome 
212.650863  311.424958  -39.224779  3.088229  72.014393  1  0.565753  0.093747  0.906580  1 Inf 
218.657882  314.027443  -84.936099  1.171125  19.881317  1  0.959611  0.200779  0.000000  1 Inf 
219.002426  313.847449  -81.860429  1.199624  20.153321  1  1.010732  0.200732  0.000000  1 Inf 
218.464882  312.903119  -82.615896  1.000000  19.990094  1  0.057468  0.247022  2.858785  1 Inf 
212.292712  311.316369  -40.292387  3.247043  70.280340  0  0.778425  4.000000  0.000000  1 Inf 
218.603164  312.881980  -82.925957  1.000000  20.772847  1  0.327501  0.258357  1.601320  1 1.904469 
212.309830  311.530168  -40.825704  3.034206  70.716721  0  0.079817  4.000000  0.327276  1 1.014240 
212.350602  311.572923  -40.193360  2.936461  69.695587  1  0.346683  0.119340  0.676095  1 0.439148 
212.379593  311.497027  -39.943406  3.094464  70.712781  0  0.098044  4.000000  0.188277  1 0.366947 
211.880230  311.224166  -39.916914  2.788027  70.468707  1  0.612494  0.141888  0.000497  1 0.304898 
SimTimeUntilNow 2155.371 

 Total number of times we call the sim until now = 70 
%%%%%%%%%%%%%%% 
Generation Number = 8 
Intermediate_Chromosome after sorting 
212.650863  311.424958  -39.224779  3.088229  72.014393  1  0.565753  0.093747  0.906580  1 Inf 
218.657882  314.027443  -84.936099  1.171125  19.881317  1  0.959611  0.200779  0.000000  1 Inf 
219.002426  313.847449  -81.860429  1.199624  20.153321  1  1.010732  0.200732  0.000000  1 0.216353 
218.464882  312.903119  -82.615896  1.000000  19.990094  1  0.057468  0.247022  2.858785  1 Inf 
212.292712  311.316369  -40.292387  3.247043  70.280340  0  0.778425  4.000000  0.000000  1 1.265358 
218.603164  312.881980  -82.925957  1.000000  20.772847  1  0.327501  0.258357  1.601320  1 1.863776 
212.309830  311.530168  -40.825704  3.034206  70.716721  0  0.079817  4.000000  0.327276  1 0.187307 
212.350602  311.572923  -40.193360  2.936461  69.695587  1  0.346683  0.119340  0.676095  1 0.422382 
212.379593  311.497027  -39.943406  3.094464  70.712781  0  0.098044  4.000000  0.188277  1 Inf 
211.880230  311.224166  -39.916914  2.788027  70.468707  1  0.612494  0.141888  0.000497  1 0.272737 
214.049359  310.687739  -32.145005  3.634253  74.751158  1  1.186950  0.128131  0.243325  1 Inf 
213.309830  310.530168  -39.825704  3.659167  70.161566  0  2.407937  0.656385  0.000000  2 Inf 
218.658272  314.017999  -91.375543  1.121743  19.916232  1  0.770058  0.163845  2.357210  2 Inf 
219.926952  315.062427  -84.231933  1.000000  17.738399  1  0.899404  0.607215  0.094892  2 3.000000 
211.642460  312.420930  -40.225304  2.091744  73.081661  0  3.653636  4.000000  0.297997  3 3.000000 
212.446246  309.861664  -45.450463  3.295194  70.551138  0  7.961814  1.310546  0.000000  3 Inf 
212.292323  311.325814  -33.852944  3.296425  70.245425  0  1.029812  4.000000  0.384635  3 Inf 
214.377126  309.842171  -42.939407  1.915678  70.847130  0  1.348348  4.000000  0.644202  4 Inf 
219.656774  316.750000  -94.324678  2.028844  22.297071  1  14.918516  1.827540  0.000000  4 Inf 
220.008431  312.848255  -82.861559  2.199963  21.173527  0  28.418836  3.869399  0.000000  5 Inf 
SimTimeUntilNow 2404.237 
selected chromosome 
212.650863  311.424958  -39.224779  3.088229  72.014393  1  0.565753  0.093747  0.906580  1 Inf 
218.657882  314.027443  -84.936099  1.171125  19.881317  1  0.959611  0.200779  0.000000  1 Inf 
218.464882  312.903119  -82.615896  1.000000  19.990094  1  0.057468  0.247022  2.858785  1 Inf 
212.379593  311.497027  -39.943406  3.094464  70.712781  0  0.098044  4.000000  0.188277  1 Inf 
214.049359  310.687739  -32.145005  3.634253  74.751158  1  1.186950  0.128131  0.243325  1 Inf 
218.603164  312.881980  -82.925957  1.000000  20.772847  1  0.327501  0.258357  1.601320  1 1.863776 
212.292712  311.316369  -40.292387  3.247043  70.280340  0  0.778425  4.000000  0.000000  1 1.265358 
212.350602  311.572923  -40.193360  2.936461  69.695587  1  0.346683  0.119340  0.676095  1 0.422382 
211.880230  311.224166  -39.916914  2.788027  70.468707  1  0.612494  0.141888  0.000497  1 0.272737 
219.002426  313.847449  -81.860429  1.199624  20.153321  1  1.010732  0.200732  0.000000  1 0.216353 
SimTimeUntilNow 2404.237 

 Total number of times we call the sim until now = 80 
%%%%%%%%%%%%%%% 
Generation Number = 9 
Intermediate_Chromosome after sorting 
212.650863  311.424958  -39.224779  3.088229  72.014393  1  0.565753  0.093747  0.906580  1 Inf 
218.657882  314.027443  -84.936099  1.171125  19.881317  1  0.959611  0.200779  0.000000  1 Inf 
218.464882  312.903119  -82.615896  1.000000  19.990094  1  0.057468  0.247022  2.858785  1 Inf 
212.379593  311.497027  -39.943406  3.094464  70.712781  0  0.098044  4.000000  0.188277  1 1.223877 
214.049359  310.687739  -32.145005  3.634253  74.751158  1  1.186950  0.128131  0.243325  1 Inf 
218.603164  312.881980  -82.925957  1.000000  20.772847  1  0.327501  0.258357  1.601320  1 1.863776 
212.292712  311.316369  -40.292387  3.247043  70.280340  0  0.778425  4.000000  0.000000  1 Inf 
212.350602  311.572923  -40.193360  2.936461  69.695587  1  0.346683  0.119340  0.676095  1 0.451748 
211.880230  311.224166  -39.916914  2.788027  70.468707  1  0.612494  0.141888  0.000497  1 0.208002 
219.002426  313.847449  -81.860429  1.199624  20.153321  1  1.010732  0.200732  0.000000  1 0.216527 
214.010862  310.694046  -32.375414  3.653942  74.646653  1  0.713992  0.128146  0.166309  1 0.216116 
212.689360  311.418651  -38.994370  3.068540  72.118898  0  0.591637  4.000000  0.347737  2 Inf 
212.461626  310.440916  -38.240677  3.220318  70.909733  0  1.081665  4.000000  0.000000  2 Inf 
219.339380  313.903119  -81.615896  1.000000  19.182159  1  0.781750  0.403659  1.142044  2 Inf 
212.856407  313.295359  -38.496314  3.624241  72.092379  1  1.316249  0.212334  0.280338  2 Inf 
213.252037  312.316483  -39.288310  3.343537  69.317051  0  0.968128  4.000000  0.906810  3 Inf 
215.906773  308.456679  -20.281715  3.682650  74.006225  0  1.446458  4.000000  0.503361  3 Inf 
212.492618  311.790970  -39.279627  4.255438  69.532689  0  2.721094  4.000000  0.000000  3 Inf 
213.683449  311.924265  -25.857133  2.920552  75.365049  0  4.473872  4.000000  0.205393  4 Inf 
210.723422  310.739868  -45.689681  3.557612  76.443579  0  6.104501  4.000000  0.000000  4 Inf 
SimTimeUntilNow 2636.565 
selected chromosome 
212.650863  311.424958  -39.224779  3.088229  72.014393  1  0.565753  0.093747  0.906580  1 Inf 
218.657882  314.027443  -84.936099  1.171125  19.881317  1  0.959611  0.200779  0.000000  1 Inf 
218.464882  312.903119  -82.615896  1.000000  19.990094  1  0.057468  0.247022  2.858785  1 Inf 
214.049359  310.687739  -32.145005  3.634253  74.751158  1  1.186950  0.128131  0.243325  1 Inf 
212.292712  311.316369  -40.292387  3.247043  70.280340  0  0.778425  4.000000  0.000000  1 Inf 
218.603164  312.881980  -82.925957  1.000000  20.772847  1  0.327501  0.258357  1.601320  1 1.863776 
212.379593  311.497027  -39.943406  3.094464  70.712781  0  0.098044  4.000000  0.188277  1 1.223877 
212.350602  311.572923  -40.193360  2.936461  69.695587  1  0.346683  0.119340  0.676095  1 0.451748 
219.002426  313.847449  -81.860429  1.199624  20.153321  1  1.010732  0.200732  0.000000  1 0.216527 
214.010862  310.694046  -32.375414  3.653942  74.646653  1  0.713992  0.128146  0.166309  1 0.216116 
SimTimeUntilNow 2636.566 

 Total number of times we call the sim until now = 90 
%%%%%%%%%%%%%%% 
Generation Number = 10 
Intermediate_Chromosome after sorting 
212.650863  311.424958  -39.224779  3.088229  72.014393  1  0.565753  0.093747  0.906580  1 Inf 
218.464882  312.903119  -82.615896  1.000000  19.990094  1  0.057468  0.247022  2.858785  1 Inf 
212.379593  311.497027  -39.943406  3.094464  70.712781  0  0.098044  4.000000  0.188277  1 1.113201 
212.350602  311.572923  -40.193360  2.936461  69.695587  1  0.346683  0.119340  0.676095  1 0.744405 
218.566145  312.878859  -82.214969  1.000000  18.986479  1  0.583070  0.301785  0.270692  1 1.290529 
212.222880  311.314809  -40.123660  3.231656  70.199635  0  0.685660  0.116822  0.000000  1 Inf 
214.022363  310.679248  -32.656753  3.628547  75.477782  0  0.487711  4.000000  0.007340  1 Inf 
218.630159  312.890471  -82.414208  1.005707  20.046223  1  0.104166  0.200740  0.585338  1 0.570296 
218.657882  314.027443  -84.936099  1.171125  19.881317  1  0.959611  0.200779  0.000000  2 Inf 
214.049359  310.687739  -32.145005  3.634253  74.751158  1  1.186950  0.128131  0.243325  2 Inf 
212.292712  311.316369  -40.292387  3.247043  70.280340  0  0.778425  4.000000  0.000000  2 1.205233 
218.603164  312.881980  -82.925957  1.000000  20.772847  1  0.327501  0.258357  1.601320  2 Inf 
219.002426  313.847449  -81.860429  1.199624  20.153321  1  1.010732  0.200732  0.000000  2 0.343705 
214.010862  310.694046  -32.375414  3.653942  74.646653  1  0.713992  0.128146  0.166309  2 0.609232 
212.416613  311.500149  -40.654394  3.137269  72.499149  0  0.158682  4.000000  0.377581  2 Inf 
214.040765  310.681600  -31.733517  3.643431  74.747819  1  0.755024  0.141858  0.320388  3 Inf 
214.119191  310.689299  -32.313733  3.649640  74.831863  0  0.588028  4.000000  0.420444  3 Inf 
214.040826  310.696546  -32.033318  3.629089  74.924932  0  0.739950  4.000000  0.351096  3 0.871540 
212.301245  311.307563  -40.404074  3.252207  70.106566  0  0.851609  4.000000  0.000000  3 Inf 
212.301305  311.322509  -40.703875  3.237865  70.283679  0  1.165156  4.000000  0.000000  4 Inf 
SimTimeUntilNow 2875.064 
selected chromosome 
212.650863  311.424958  -39.224779  3.088229  72.014393  1  0.565753  0.093747  0.906580  1 Inf 
218.464882  312.903119  -82.615896  1.000000  19.990094  1  0.057468  0.247022  2.858785  1 Inf 
212.379593  311.497027  -39.943406  3.094464  70.712781  0  0.098044  4.000000  0.188277  1 1.113201 
212.350602  311.572923  -40.193360  2.936461  69.695587  1  0.346683  0.119340  0.676095  1 0.744405 
218.566145  312.878859  -82.214969  1.000000  18.986479  1  0.583070  0.301785  0.270692  1 1.290529 
212.222880  311.314809  -40.123660  3.231656  70.199635  0  0.685660  0.116822  0.000000  1 Inf 
214.022363  310.679248  -32.656753  3.628547  75.477782  0  0.487711  4.000000  0.007340  1 Inf 
218.630159  312.890471  -82.414208  1.005707  20.046223  1  0.104166  0.200740  0.585338  1 0.570296 
218.657882  314.027443  -84.936099  1.171125  19.881317  1  0.959611  0.200779  0.000000  2 Inf 
214.049359  310.687739  -32.145005  3.634253  74.751158  1  1.186950  0.128131  0.243325  2 Inf 
SimTimeUntilNow 2875.065 

 Total number of times we call the sim until now = 100 
%%%%%%%%%%%%%%% 
Generation Number = 11 
Intermediate_Chromosome after sorting 
212.650863  311.424958  -39.224779  3.088229  72.014393  1  0.565753  0.093747  0.906580  1 Inf 
218.464882  312.903119  -82.615896  1.000000  19.990094  1  0.057468  0.247022  2.858785  1 Inf 
212.379593  311.497027  -39.943406  3.094464  70.712781  0  0.098044  4.000000  0.188277  1 1.042465 
212.350602  311.572923  -40.193360  2.936461  69.695587  1  0.346683  0.119340  0.676095  1 0.161626 
218.566145  312.878859  -82.214969  1.000000  18.986479  1  0.583070  0.301785  0.270692  1 1.172567 
212.222880  311.314809  -40.123660  3.231656  70.199635  0  0.685660  0.116822  0.000000  1 Inf 
214.022363  310.679248  -32.656753  3.628547  75.477782  0  0.487711  4.000000  0.007340  1 0.155828 
218.630159  312.890471  -82.414208  1.005707  20.046223  1  0.104166  0.200740  0.585338  1 0.481693 
212.455841  311.494378  -40.131877  3.097460  70.683397  0  0.092835  4.000000  0.252024  1 0.093421 
218.396219  312.990481  -82.862962  1.000000  19.650226  1  0.362121  0.099126  0.439431  1 0.317329 
213.993129  310.652696  -31.956728  3.605865  75.523493  1  0.657627  0.158755  0.029944  1 0.236347 
218.494117  312.929671  -83.315921  1.022682  19.944383  1  0.337922  0.180407  1.787099  1 1.079682 
214.059805  310.668052  -32.707712  3.627314  75.456656  0  0.473175  4.000000  0.024173  1 Inf 
218.657882  314.027443  -84.936099  1.171125  19.881317  1  0.959611  0.200779  0.000000  2 Inf 
214.049359  310.687739  -32.145005  3.634253  74.751158  1  1.186950  0.128131  0.243325  2 Inf 
212.613421  311.436154  -39.173820  3.089462  72.035518  0  0.223426  4.000000  0.256290  2 Inf 
212.958336  310.425512  -38.391849  2.060390  72.965200  0  2.235705  4.000000  0.233852  3 Inf 
213.684337  309.704275  -41.648226  4.029729  76.677449  0  7.501710  4.000000  0.000000  3 Inf 
214.091027  310.591886  -32.409687  3.629029  75.817650  0  0.628420  4.000000  0.363939  3 Inf 
213.946116  310.681898  -32.468282  3.625551  75.507165  0  0.942905  4.000000  0.564024  4 Inf 
SimTimeUntilNow 3114.776 
selected chromosome 
212.650863  311.424958  -39.224779  3.088229  72.014393  1  0.565753  0.093747  0.906580  1 Inf 
218.464882  312.903119  -82.615896  1.000000  19.990094  1  0.057468  0.247022  2.858785  1 Inf 
212.222880  311.314809  -40.123660  3.231656  70.199635  0  0.685660  0.116822  0.000000  1 Inf 
214.059805  310.668052  -32.707712  3.627314  75.456656  0  0.473175  4.000000  0.024173  1 Inf 
218.566145  312.878859  -82.214969  1.000000  18.986479  1  0.583070  0.301785  0.270692  1 1.172567 
218.494117  312.929671  -83.315921  1.022682  19.944383  1  0.337922  0.180407  1.787099  1 1.079682 
212.379593  311.497027  -39.943406  3.094464  70.712781  0  0.098044  4.000000  0.188277  1 1.042465 
218.630159  312.890471  -82.414208  1.005707  20.046223  1  0.104166  0.200740  0.585338  1 0.481693 
218.396219  312.990481  -82.862962  1.000000  19.650226  1  0.362121  0.099126  0.439431  1 0.317329 
213.993129  310.652696  -31.956728  3.605865  75.523493  1  0.657627  0.158755  0.029944  1 0.236347 
SimTimeUntilNow 3114.776 

 Total number of times we call the sim until now = 110 
%%%%%%%%%%%%%%% 
Generation Number = 12 
Intermediate_Chromosome after sorting 
218.464882  312.903119  -82.615896  1.000000  19.990094  1  0.057468  0.247022  2.858785  1 Inf 
212.222880  311.314809  -40.123660  3.231656  70.199635  0  0.685660  0.116822  0.000000  1 Inf 
214.059805  310.668052  -32.707712  3.627314  75.456656  0  0.473175  4.000000  0.024173  1 1.716739 
213.993129  310.652696  -31.956728  3.605865  75.523493  1  0.657627  0.158755  0.029944  1 0.281353 
212.378855  311.497802  -39.938162  3.094357  70.707435  1  0.088989  0.045612  0.183705  1 Inf 
213.039640  309.672365  -33.513374  3.429760  75.365891  0  0.564655  4.000000  0.000000  1 Inf 
212.650863  311.424958  -39.224779  3.088229  72.014393  1  0.565753  0.093747  0.906580  2 Inf 
218.566145  312.878859  -82.214969  1.000000  18.986479  1  0.583070  0.301785  0.270692  2 2.015870 
218.494117  312.929671  -83.315921  1.022682  19.944383  1  0.337922  0.180407  1.787099  2 Inf 
212.379593  311.497027  -39.943406  3.094464  70.712781  0  0.098044  4.000000  0.188277  2 Inf 
218.630159  312.890471  -82.414208  1.005707  20.046223  1  0.104166  0.200740  0.585338  2 0.375766 
218.396219  312.990481  -82.862962  1.000000  19.650226  1  0.362121  0.099126  0.439431  2 0.270128 
217.894982  311.056350  -37.627115  1.730825  72.300930  0  4.298265  4.000000  0.162702  2 Inf 
212.651602  311.424183  -39.230023  3.088337  72.019739  0  0.562295  4.000000  0.278893  3 Inf 
211.553893  311.209808  -48.813607  2.109723  73.373175  1  1.106754  0.241149  0.446333  3 Inf 
212.508060  311.315372  -33.778750  4.002750  75.057391  0  0.281609  4.000000  0.327410  3 Inf 
214.585646  310.887937  -31.089661  4.627446  76.079584  0  0.439940  4.000000  0.328033  4 Inf 
214.334387  311.643887  -33.983489  4.632662  75.533930  0  0.629857  4.000000  0.493188  5 Inf 
210.744221  313.385016  -26.688261  3.487740  70.392736  0  4.170701  4.000000  0.422738  5 Inf 
211.658820  310.344880  -40.100305  2.154751  71.917146  0  1.329009  4.000000  0.986861  6 Inf 
SimTimeUntilNow 3343.855 
selected chromosome 
218.464882  312.903119  -82.615896  1.000000  19.990094  1  0.057468  0.247022  2.858785  1 Inf 
212.222880  311.314809  -40.123660  3.231656  70.199635  0  0.685660  0.116822  0.000000  1 Inf 
214.059805  310.668052  -32.707712  3.627314  75.456656  0  0.473175  4.000000  0.024173  1 1.716739 
213.993129  310.652696  -31.956728  3.605865  75.523493  1  0.657627  0.158755  0.029944  1 0.281353 
212.378855  311.497802  -39.938162  3.094357  70.707435  1  0.088989  0.045612  0.183705  1 Inf 
213.039640  309.672365  -33.513374  3.429760  75.365891  0  0.564655  4.000000  0.000000  1 Inf 
212.650863  311.424958  -39.224779  3.088229  72.014393  1  0.565753  0.093747  0.906580  2 Inf 
218.494117  312.929671  -83.315921  1.022682  19.944383  1  0.337922  0.180407  1.787099  2 Inf 
212.379593  311.497027  -39.943406  3.094464  70.712781  0  0.098044  4.000000  0.188277  2 Inf 
217.894982  311.056350  -37.627115  1.730825  72.300930  0  4.298265  4.000000  0.162702  2 Inf 
SimTimeUntilNow 3343.856 

 Total number of times we call the sim until now = 120 
%%%%%%%%%%%%%%% 
Generation Number = 13 
Intermediate_Chromosome after sorting 
218.464882  312.903119  -82.615896  1.000000  19.990094  1  0.057468  0.247022  2.858785  1 Inf 
212.222880  311.314809  -40.123660  3.231656  70.199635  0  0.685660  0.116822  0.000000  1 Inf 
214.059805  310.668052  -32.707712  3.627314  75.456656  0  0.473175  4.000000  0.024173  1 1.716739 
213.993129  310.652696  -31.956728  3.605865  75.523493  1  0.657627  0.158755  0.029944  1 0.281353 
212.378855  311.497802  -39.938162  3.094357  70.707435  1  0.088989  0.045612  0.183705  1 Inf 
213.039640  309.672365  -33.513374  3.429760  75.365891  0  0.564655  4.000000  0.000000  1 Inf 
212.650863  311.424958  -39.224779  3.088229  72.014393  1  0.565753  0.093747  0.906580  2 Inf 
212.379593  311.497027  -39.943406  3.094464  70.712781  0  0.098044  4.000000  0.188277  2 Inf 
212.752222  312.326028  -39.525987  3.173090  69.222466  0  0.793348  4.000000  0.094935  2 Inf 
212.365137  311.331286  -40.338615  3.237099  67.565160  0  0.918147  0.236195  0.000000  2 Inf 
214.148751  309.619817  -33.305017  2.897532  72.658628  1  1.085058  0.128151  0.261537  2 Inf 
219.446911  311.930165  -76.911617  1.000000  21.405677  1  0.298637  0.163802  1.773821  2 Inf 
218.494117  312.929671  -83.315921  1.022682  19.944383  1  0.337922  0.180407  1.787099  3 Inf 
213.180994  312.355458  -41.221037  4.009498  70.906106  0  1.569590  4.000000  0.000000  3 Inf 
213.238112  310.760482  -40.484168  4.045111  69.203409  0  6.165448  1.022461  0.000000  3 Inf 
211.827525  310.713128  -30.992106  3.385147  75.471949  1  1.168432  0.212453  0.386793  3 1.431810 
217.894982  311.056350  -37.627115  1.730825  72.300930  0  4.298265  4.000000  0.162702  4 2.332036 
219.916626  313.258742  -75.240834  1.890496  20.298210  0  20.872116  2.659555  0.000000  4 Inf 
218.322625  312.886642  -82.400940  1.000000  22.624569  0  1.250430  4.000000  0.844983  4 Inf 
214.925440  305.125976  -33.271639  4.200530  77.496271  0  29.005544  1.855559  0.000000  4 Inf 
SimTimeUntilNow 3578.218 
selected chromosome 
218.464882  312.903119  -82.615896  1.000000  19.990094  1  0.057468  0.247022  2.858785  1 Inf 
212.222880  311.314809  -40.123660  3.231656  70.199635  0  0.685660  0.116822  0.000000  1 Inf 
214.059805  310.668052  -32.707712  3.627314  75.456656  0  0.473175  4.000000  0.024173  1 1.716739 
213.993129  310.652696  -31.956728  3.605865  75.523493  1  0.657627  0.158755  0.029944  1 0.281353 
212.378855  311.497802  -39.938162  3.094357  70.707435  1  0.088989  0.045612  0.183705  1 Inf 
213.039640  309.672365  -33.513374  3.429760  75.365891  0  0.564655  4.000000  0.000000  1 Inf 
212.650863  311.424958  -39.224779  3.088229  72.014393  1  0.565753  0.093747  0.906580  2 Inf 
212.379593  311.497027  -39.943406  3.094464  70.712781  0  0.098044  4.000000  0.188277  2 Inf 
212.752222  312.326028  -39.525987  3.173090  69.222466  0  0.793348  4.000000  0.094935  2 Inf 
212.365137  311.331286  -40.338615  3.237099  67.565160  0  0.918147  0.236195  0.000000  2 Inf 
SimTimeUntilNow 3578.219 

 Total number of times we call the sim until now = 130 
%%%%%%%%%%%%%%% 
Generation Number = 14 
Intermediate_Chromosome after sorting 
218.464882  312.903119  -82.615896  1.000000  19.990094  1  0.057468  0.247022  2.858785  1 Inf 
212.222880  311.314809  -40.123660  3.231656  70.199635  0  0.685660  0.116822  0.000000  1 Inf 
214.059805  310.668052  -32.707712  3.627314  75.456656  0  0.473175  4.000000  0.024173  1 1.697527 
213.993129  310.652696  -31.956728  3.605865  75.523493  1  0.657627  0.158755  0.029944  1 0.147711 
212.378855  311.497802  -39.938162  3.094357  70.707435  1  0.088989  0.045612  0.183705  1 Inf 
213.039640  309.672365  -33.513374  3.429760  75.365891  0  0.564655  4.000000  0.000000  1 Inf 
220.199009  311.815408  -104.739796  1.000000  23.927253  1  0.648608  0.301757  0.015353  1 1.105520 
212.650863  311.424958  -39.224779  3.088229  72.014393  1  0.565753  0.093747  0.906580  2 Inf 
212.379593  311.497027  -39.943406  3.094464  70.712781  0  0.098044  4.000000  0.188277  2 Inf 
212.752222  312.326028  -39.525987  3.173090  69.222466  0  0.793348  4.000000  0.094935  2 0.550415 
212.365137  311.331286  -40.338615  3.237099  67.565160  0  0.918147  0.236195  0.000000  2 Inf 
212.506675  309.799031  -34.026265  3.431096  72.718864  0  0.887941  4.000000  0.000000  2 Inf 
218.451936  312.958039  -80.906659  1.084637  20.791266  1  0.337316  0.301834  0.420758  2 1.799451 
214.039640  309.897765  -34.513374  2.888496  74.365891  1  1.038087  0.171720  0.495044  2 Inf 
211.474530  309.823937  -41.711825  3.278346  76.874725  1  2.127629  0.286310  0.000000  3 Inf 
213.052587  309.617445  -35.222611  3.345122  74.564719  0  0.938762  4.000000  0.000000  3 Inf 
219.361593  313.905036  -85.184414  1.000000  20.974173  0  1.528633  4.000000  2.262782  4 3.000000 
218.997847  312.776453  -82.103004  1.000000  22.637121  0  1.259014  4.000000  2.573821  4 Inf 
212.992401  309.881175  -34.017455  4.438651  74.367302  1  3.127072  0.329123  0.000000  4 Inf 
215.830188  314.095343  -81.349095  1.825483  19.641274  0  24.412073  4.000000  0.000000  5 Inf 
SimTimeUntilNow 3834.899 
selected chromosome 
218.464882  312.903119  -82.615896  1.000000  19.990094  1  0.057468  0.247022  2.858785  1 Inf 
212.222880  311.314809  -40.123660  3.231656  70.199635  0  0.685660  0.116822  0.000000  1 Inf 
214.059805  310.668052  -32.707712  3.627314  75.456656  0  0.473175  4.000000  0.024173  1 1.697527 
213.993129  310.652696  -31.956728  3.605865  75.523493  1  0.657627  0.158755  0.029944  1 0.147711 
212.378855  311.497802  -39.938162  3.094357  70.707435  1  0.088989  0.045612  0.183705  1 Inf 
213.039640  309.672365  -33.513374  3.429760  75.365891  0  0.564655  4.000000  0.000000  1 Inf 
220.199009  311.815408  -104.739796  1.000000  23.927253  1  0.648608  0.301757  0.015353  1 1.105520 
212.650863  311.424958  -39.224779  3.088229  72.014393  1  0.565753  0.093747  0.906580  2 Inf 
212.379593  311.497027  -39.943406  3.094464  70.712781  0  0.098044  4.000000  0.188277  2 Inf 
212.365137  311.331286  -40.338615  3.237099  67.565160  0  0.918147  0.236195  0.000000  2 Inf 
SimTimeUntilNow 3834.900 

 Total number of times we call the sim until now = 140 
%%%%%%%%%%%%%%% 
Generation Number = 15 
Intermediate_Chromosome after sorting 
212.222880  311.314809  -40.123660  3.231656  70.199635  0  0.685660  0.116822  0.000000  1 Inf 
214.059805  310.668052  -32.707712  3.627314  75.456656  0  0.473175  4.000000  0.024173  1 1.423025 
213.993129  310.652696  -31.956728  3.605865  75.523493  1  0.657627  0.158755  0.029944  1 0.185411 
212.378855  311.497802  -39.938162  3.094357  70.707435  1  0.088989  0.045612  0.183705  1 Inf 
213.039640  309.672365  -33.513374  3.429760  75.365891  0  0.564655  4.000000  0.000000  1 0.231775 
220.199009  311.815408  -104.739796  1.000000  23.927253  1  0.648608  0.301757  0.015353  1 0.152178 
214.059805  310.668052  -32.707712  3.627314  75.456656  1  0.856572  0.093733  0.024173  1 Inf 
220.199009  311.815408  -104.739796  1.000000  23.927253  1  0.648608  0.301757  0.015353  1 0.953541 
214.059805  310.668052  -32.707712  3.627314  75.456656  0  0.473175  4.000000  0.024173  1 Inf 
218.464882  312.903119  -82.615896  1.000000  19.990094  1  0.057468  0.163819  1.254589  1 Inf 
218.464882  312.903119  -82.615896  1.000000  19.990094  1  0.057468  0.247022  2.858785  2 Inf 
212.650863  311.424958  -39.224779  3.088229  72.014393  1  0.565753  0.093747  0.906580  2 Inf 
212.379593  311.497027  -39.943406  3.094464  70.712781  0  0.098044  4.000000  0.188277  2 Inf 
212.365137  311.331286  -40.338615  3.237099  67.565160  0  0.918147  0.236195  0.000000  2 Inf 
219.930698  311.820921  -107.808060  1.057981  24.104943  1  0.302732  0.349407  0.244725  2 1.593912 
218.362405  312.902900  -82.659120  1.000000  18.307606  1  1.016875  0.200768  0.000000  2 Inf 
220.192891  311.794786  -104.343312  1.000000  23.773973  1  0.507849  0.330073  0.837985  2 0.531876 
214.065923  310.688673  -33.104196  3.660755  75.609936  0  0.280243  4.000000  0.203778  3 Inf 
214.328117  310.662538  -29.639448  3.569333  75.278966  0  1.385259  4.000000  0.425502  4 Inf 
214.162283  310.668270  -32.664488  3.938474  77.139144  0  0.572376  4.000000  0.565821  4 Inf 
SimTimeUntilNow 4098.525 
selected chromosome 
212.222880  311.314809  -40.123660  3.231656  70.199635  0  0.685660  0.116822  0.000000  1 Inf 
214.059805  310.668052  -32.707712  3.627314  75.456656  0  0.473175  4.000000  0.024173  1 1.423025 
213.993129  310.652696  -31.956728  3.605865  75.523493  1  0.657627  0.158755  0.029944  1 0.185411 
212.378855  311.497802  -39.938162  3.094357  70.707435  1  0.088989  0.045612  0.183705  1 Inf 
213.039640  309.672365  -33.513374  3.429760  75.365891  0  0.564655  4.000000  0.000000  1 0.231775 
220.199009  311.815408  -104.739796  1.000000  23.927253  1  0.648608  0.301757  0.015353  1 0.152178 
214.059805  310.668052  -32.707712  3.627314  75.456656  1  0.856572  0.093733  0.024173  1 Inf 
220.199009  311.815408  -104.739796  1.000000  23.927253  1  0.648608  0.301757  0.015353  1 0.953541 
214.059805  310.668052  -32.707712  3.627314  75.456656  0  0.473175  4.000000  0.024173  1 Inf 
218.464882  312.903119  -82.615896  1.000000  19.990094  1  0.057468  0.163819  1.254589  1 Inf 
SimTimeUntilNow 4098.526 

 Total number of times we call the sim until now = 150 
%%%%%%%%%%%%%%% 
Generation Number = 16 
Intermediate_Chromosome after sorting 
212.222880  311.314809  -40.123660  3.231656  70.199635  0  0.685660  0.116822  0.000000  1 Inf 
214.059805  310.668052  -32.707712  3.627314  75.456656  0  0.473175  4.000000  0.024173  1 1.407062 
213.993129  310.652696  -31.956728  3.605865  75.523493  1  0.657627  0.158755  0.029944  1 0.168917 
212.378855  311.497802  -39.938162  3.094357  70.707435  1  0.088989  0.045612  0.183705  1 Inf 
213.039640  309.672365  -33.513374  3.429760  75.365891  0  0.564655  4.000000  0.000000  1 0.231775 
220.199009  311.815408  -104.739796  1.000000  23.927253  1  0.648608  0.301757  0.015353  1 0.152178 
214.059805  310.668052  -32.707712  3.627314  75.456656  1  0.856572  0.093733  0.024173  1 Inf 
220.199009  311.815408  -104.739796  1.000000  23.927253  1  0.648608  0.301757  0.015353  1 0.953541 
214.059805  310.668052  -32.707712  3.627314  75.456656  0  0.473175  4.000000  0.024173  1 0.119079 
218.464882  312.903119  -82.615896  1.000000  19.990094  1  0.057468  0.163819  1.254589  1 Inf 
212.362927  311.569779  -39.914904  3.097540  70.683488  0  0.101745  4.000000  0.163013  1 Inf 
211.235632  312.303024  -41.185753  3.653142  71.270501  0  1.100959  0.275985  0.000000  2 Inf 
213.055568  309.600388  -33.536632  3.426576  75.389838  0  0.635866  4.000000  0.000000  2 Inf 
211.782549  312.471598  -40.808530  3.036057  70.426061  1  0.822836  0.171685  0.090537  2 Inf 
211.850384  309.526488  -45.583705  3.342588  75.797408  0  7.958380  4.000000  0.000000  3 Inf 
212.079434  309.411655  -34.500558  2.426013  74.159482  0  0.960334  4.000000  0.222849  3 Inf 
211.379753  312.481922  -40.804165  2.698381  71.621939  0  1.792266  4.000000  0.218960  3 Inf 
216.088703  306.452894  -35.696696  4.742951  75.590706  0  25.795654  1.764709  0.000000  3 Inf 
212.178533  309.376141  -27.936913  1.242613  71.176644  0  4.424682  4.000000  0.710551  4 Inf 
218.350984  311.881971  -23.018873  2.442607  77.458642  0  6.184125  4.000000  0.235536  4 Inf 
SimTimeUntilNow 4336.497 
selected chromosome 
212.222880  311.314809  -40.123660  3.231656  70.199635  0  0.685660  0.116822  0.000000  1 Inf 
212.378855  311.497802  -39.938162  3.094357  70.707435  1  0.088989  0.045612  0.183705  1 Inf 
214.059805  310.668052  -32.707712  3.627314  75.456656  1  0.856572  0.093733  0.024173  1 Inf 
218.464882  312.903119  -82.615896  1.000000  19.990094  1  0.057468  0.163819  1.254589  1 Inf 
212.362927  311.569779  -39.914904  3.097540  70.683488  0  0.101745  4.000000  0.163013  1 Inf 
214.059805  310.668052  -32.707712  3.627314  75.456656  0  0.473175  4.000000  0.024173  1 1.407062 
220.199009  311.815408  -104.739796  1.000000  23.927253  1  0.648608  0.301757  0.015353  1 0.953541 
213.039640  309.672365  -33.513374  3.429760  75.365891  0  0.564655  4.000000  0.000000  1 0.231775 
213.993129  310.652696  -31.956728  3.605865  75.523493  1  0.657627  0.158755  0.029944  1 0.168917 
220.199009  311.815408  -104.739796  1.000000  23.927253  1  0.648608  0.301757  0.015353  1 0.152178 
SimTimeUntilNow 4336.497 

 Total number of times we call the sim until now = 160 
%%%%%%%%%%%%%%% 
Generation Number = 17 
Intermediate_Chromosome after sorting 
212.222880  311.314809  -40.123660  3.231656  70.199635  0  0.685660  0.116822  0.000000  1 Inf 
212.378855  311.497802  -39.938162  3.094357  70.707435  1  0.088989  0.045612  0.183705  1 Inf 
214.059805  310.668052  -32.707712  3.627314  75.456656  1  0.856572  0.093733  0.024173  1 0.226954 
218.464882  312.903119  -82.615896  1.000000  19.990094  1  0.057468  0.163819  1.254589  1 Inf 
220.199009  311.815408  -104.739796  1.000000  23.927253  1  0.648608  0.301757  0.015353  1 0.151371 
213.039640  309.672365  -33.513374  3.429760  75.365891  0  0.564655  4.000000  0.000000  1 1.153075 
220.199009  311.815408  -104.739796  1.000000  23.927253  1  0.648608  0.301757  0.015353  1 0.988265 
212.397851  311.498734  -39.864912  3.080164  70.595280  0  0.072606  4.000000  0.099736  1 Inf 
214.040810  310.667119  -32.780962  3.641507  75.568811  1  0.397957  0.093729  0.118568  1 0.552928 
214.059805  310.668052  -32.707712  3.627314  75.456656  1  0.473175  0.093736  0.024173  1 0.273071 
213.059805  310.101864  -31.707712  4.167706  76.456656  1  0.862762  0.058443  0.000000  1 Inf 
212.362927  311.569779  -39.914904  3.097540  70.683488  0  0.101745  4.000000  0.163013  2 Inf 
214.059805  310.668052  -32.707712  3.627314  75.456656  0  0.473175  4.000000  0.024173  2 Inf 
213.993129  310.652696  -31.956728  3.605865  75.523493  1  0.657627  0.158755  0.029944  2 1.488663 
210.372215  307.897557  -51.429062  4.335534  71.280117  0  35.593332  2.539639  0.000000  2 Inf 
214.059805  310.668052  -32.707712  3.627314  75.456656  1  0.856572  0.093736  0.024173  2 Inf 
215.071390  311.255943  -33.541818  4.507318  76.091353  0  0.474691  4.000000  0.110375  3 Inf 
211.369706  310.500803  -38.943198  2.371744  69.710331  1  0.880066  0.158786  0.236189  3 Inf 
212.789694  309.354754  -24.270746  1.607148  75.732003  0  4.328264  4.000000  0.060843  3 Inf 
213.999896  310.887466  -20.000000  3.307351  71.963696  0  4.137329  4.000000  0.291522  4 Inf 
SimTimeUntilNow 4567.296 
selected chromosome 
212.222880  311.314809  -40.123660  3.231656  70.199635  0  0.685660  0.116822  0.000000  1 Inf 
212.378855  311.497802  -39.938162  3.094357  70.707435  1  0.088989  0.045612  0.183705  1 Inf 
218.464882  312.903119  -82.615896  1.000000  19.990094  1  0.057468  0.163819  1.254589  1 Inf 
212.397851  311.498734  -39.864912  3.080164  70.595280  0  0.072606  4.000000  0.099736  1 Inf 
213.059805  310.101864  -31.707712  4.167706  76.456656  1  0.862762  0.058443  0.000000  1 Inf 
213.039640  309.672365  -33.513374  3.429760  75.365891  0  0.564655  4.000000  0.000000  1 1.153075 
220.199009  311.815408  -104.739796  1.000000  23.927253  1  0.648608  0.301757  0.015353  1 0.988265 
214.040810  310.667119  -32.780962  3.641507  75.568811  1  0.397957  0.093729  0.118568  1 0.552928 
214.059805  310.668052  -32.707712  3.627314  75.456656  1  0.473175  0.093736  0.024173  1 0.273071 
214.059805  310.668052  -32.707712  3.627314  75.456656  1  0.856572  0.093733  0.024173  1 0.226954 
SimTimeUntilNow 4567.296 

 Total number of times we call the sim until now = 170 
%%%%%%%%%%%%%%% 
Generation Number = 18 
Intermediate_Chromosome after sorting 
212.378855  311.497802  -39.938162  3.094357  70.707435  1  0.088989  0.045612  0.183705  1 Inf 
218.464882  312.903119  -82.615896  1.000000  19.990094  1  0.057468  0.163819  1.254589  1 Inf 
212.397851  311.498734  -39.864912  3.080164  70.595280  0  0.072606  4.000000  0.099736  1 1.049608 
213.059805  310.101864  -31.707712  4.167706  76.456656  1  0.862762  0.058443  0.000000  1 Inf 
213.039640  309.672365  -33.513374  3.429760  75.365891  0  0.564655  4.000000  0.000000  1 Inf 
220.199009  311.815408  -104.739796  1.000000  23.927253  1  0.648608  0.301757  0.015353  1 1.094476 
214.040810  310.667119  -32.780962  3.641507  75.568811  1  0.397957  0.093729  0.118568  1 0.552928 
214.059805  310.668052  -32.707712  3.627314  75.456656  1  0.473175  0.093736  0.024173  1 0.219872 
214.059805  310.668052  -32.707712  3.627314  75.456656  1  0.856572  0.093733  0.024173  1 0.325314 
212.175214  311.321553  -40.002549  3.232123  70.227704  0  0.649293  0.116822  0.000000  1 0.288206 
212.222880  311.314809  -40.123660  3.231656  70.199635  0  0.685660  0.116822  0.000000  2 Inf 
212.416256  311.502413  -40.053465  3.087149  70.620242  0  0.140289  4.000000  0.124471  2 Inf 
214.107472  310.661308  -32.828823  3.626847  75.428587  0  0.677522  4.000000  0.048466  2 Inf 
220.371215  311.806090  -104.482329  1.000000  23.289380  1  0.349895  0.246970  0.964710  2 Inf 
211.241130  311.119048  -39.808809  2.857240  68.805402  0  0.191830  4.000000  0.260946  3 Inf 
219.045484  312.580062  -104.599998  1.302962  24.728972  1  1.430262  0.419844  0.000000  3 Inf 
211.397851  311.611181  -40.820135  3.777355  71.595280  0  1.930971  0.546563  0.000000  4 Inf 
214.041400  310.664373  -32.519159  3.620329  75.431694  0  0.530840  4.000000  0.598816  4 Inf 
213.887600  310.677369  -32.965179  3.637112  76.094529  0  0.655549  4.000000  0.267383  4 Inf 
210.754181  310.951710  -25.926459  3.008988  75.846240  0  3.032449  4.000000  0.272106  5 Inf 
SimTimeUntilNow 4804.919 
selected chromosome 
212.378855  311.497802  -39.938162  3.094357  70.707435  1  0.088989  0.045612  0.183705  1 Inf 
218.464882  312.903119  -82.615896  1.000000  19.990094  1  0.057468  0.163819  1.254589  1 Inf 
212.397851  311.498734  -39.864912  3.080164  70.595280  0  0.072606  4.000000  0.099736  1 1.049608 
213.059805  310.101864  -31.707712  4.167706  76.456656  1  0.862762  0.058443  0.000000  1 Inf 
213.039640  309.672365  -33.513374  3.429760  75.365891  0  0.564655  4.000000  0.000000  1 Inf 
220.199009  311.815408  -104.739796  1.000000  23.927253  1  0.648608  0.301757  0.015353  1 1.094476 
214.040810  310.667119  -32.780962  3.641507  75.568811  1  0.397957  0.093729  0.118568  1 0.552928 
214.059805  310.668052  -32.707712  3.627314  75.456656  1  0.473175  0.093736  0.024173  1 0.219872 
214.059805  310.668052  -32.707712  3.627314  75.456656  1  0.856572  0.093733  0.024173  1 0.325314 
212.175214  311.321553  -40.002549  3.232123  70.227704  0  0.649293  0.116822  0.000000  1 0.288206 
SimTimeUntilNow 4804.920 

 Total number of times we call the sim until now = 180 
%%%%%%%%%%%%%%% 
Generation Number = 19 
Intermediate_Chromosome after sorting 
212.378855  311.497802  -39.938162  3.094357  70.707435  1  0.088989  0.045612  0.183705  1 Inf 
218.464882  312.903119  -82.615896  1.000000  19.990094  1  0.057468  0.163819  1.254589  1 Inf 
212.397851  311.498734  -39.864912  3.080164  70.595280  0  0.072606  4.000000  0.099736  1 1.049608 
213.059805  310.101864  -31.707712  4.167706  76.456656  1  0.862762  0.058443  0.000000  1 Inf 
213.039640  309.672365  -33.513374  3.429760  75.365891  0  0.564655  4.000000  0.000000  1 Inf 
220.199009  311.815408  -104.739796  1.000000  23.927253  1  0.648608  0.301757  0.015353  1 1.094476 
214.040810  310.667119  -32.780962  3.641507  75.568811  1  0.397957  0.093729  0.118568  1 0.552928 
214.059805  310.668052  -32.707712  3.627314  75.456656  1  0.473175  0.093736  0.024173  1 0.219872 
214.059805  310.668052  -32.707712  3.627314  75.456656  1  0.856572  0.093733  0.024173  1 0.325314 
212.175214  311.321553  -40.002549  3.232123  70.227704  0  0.649293  0.116822  0.000000  1 0.288206 
212.766695  310.039988  -31.933294  4.231468  74.981055  0  1.515111  0.400133  0.000000  2 Inf 
213.215324  310.121946  -31.766754  4.138406  77.618178  0  0.713620  4.000000  0.000000  2 Inf 
220.043490  311.795326  -104.680755  1.029300  22.765731  1  0.290730  0.247039  0.256246  2 Inf 
221.596882  311.683214  -101.841464  1.000000  23.283192  1  0.456981  0.246900  0.407858  2 Inf 
220.492120  311.877285  -104.514214  1.000000  25.402854  1  1.272750  0.413042  0.530056  3 1.890989 
221.199009  312.815408  -104.326217  2.000000  22.929483  0  24.564011  3.491358  0.000000  3 Inf 
213.387561  310.125849  -32.691181  4.279127  76.309438  0  1.332241  4.000000  0.000000  3 Inf 
219.871254  311.791423  -103.756327  1.000000  24.074471  1  0.605864  0.349348  0.535740  3 Inf 
215.316709  310.701266  -36.539826  4.360428  74.868319  0  1.719687  4.000000  0.000000  4 Inf 
213.306546  310.972869  -25.313459  3.193468  78.494041  0  3.376855  4.000000  0.010870  5 Inf 
SimTimeUntilNow 5058.307 
selected chromosome 
212.378855  311.497802  -39.938162  3.094357  70.707435  1  0.088989  0.045612  0.183705  1 Inf 
218.464882  312.903119  -82.615896  1.000000  19.990094  1  0.057468  0.163819  1.254589  1 Inf 
212.397851  311.498734  -39.864912  3.080164  70.595280  0  0.072606  4.000000  0.099736  1 1.049608 
213.059805  310.101864  -31.707712  4.167706  76.456656  1  0.862762  0.058443  0.000000  1 Inf 
213.039640  309.672365  -33.513374  3.429760  75.365891  0  0.564655  4.000000  0.000000  1 Inf 
220.199009  311.815408  -104.739796  1.000000  23.927253  1  0.648608  0.301757  0.015353  1 1.094476 
214.040810  310.667119  -32.780962  3.641507  75.568811  1  0.397957  0.093729  0.118568  1 0.552928 
214.059805  310.668052  -32.707712  3.627314  75.456656  1  0.473175  0.093736  0.024173  1 0.219872 
214.059805  310.668052  -32.707712  3.627314  75.456656  1  0.856572  0.093733  0.024173  1 0.325314 
212.175214  311.321553  -40.002549  3.232123  70.227704  0  0.649293  0.116822  0.000000  1 0.288206 
SimTimeUntilNow 5058.307 

 Total number of times we call the sim until now = 190 
%%%%%%%%%%%%%%% 
Generation Number = 20 
Intermediate_Chromosome after sorting 
212.378855  311.497802  -39.938162  3.094357  70.707435  1  0.088989  0.045612  0.183705  1 Inf 
218.464882  312.903119  -82.615896  1.000000  19.990094  1  0.057468  0.163819  1.254589  1 Inf 
212.397851  311.498734  -39.864912  3.080164  70.595280  0  0.072606  4.000000  0.099736  1 1.048347 
213.059805  310.101864  -31.707712  4.167706  76.456656  1  0.862762  0.058443  0.000000  1 Inf 
213.039640  309.672365  -33.513374  3.429760  75.365891  0  0.564655  4.000000  0.000000  1 0.210831 
220.199009  311.815408  -104.739796  1.000000  23.927253  1  0.648608  0.301757  0.015353  1 1.091089 
214.040810  310.667119  -32.780962  3.641507  75.568811  1  0.397957  0.093729  0.118568  1 0.537556 
214.059805  310.668052  -32.707712  3.627314  75.456656  1  0.473175  0.093736  0.024173  1 0.213202 
214.059805  310.668052  -32.707712  3.627314  75.456656  1  0.856572  0.093733  0.024173  1 0.316773 
212.175214  311.321553  -40.002549  3.232123  70.227704  0  0.649293  0.116822  0.000000  1 0.279885 
212.411576  311.542514  -39.947290  3.090380  70.800482  0  0.030656  4.000000  0.273117  1 Inf 
212.373635  311.499337  -42.217791  3.090194  70.592549  0  0.558683  4.000000  0.299223  2 Inf 
220.204230  311.813873  -102.460167  1.004163  24.042139  1  0.597364  0.419739  1.448712  2 Inf 
213.241808  309.141895  -28.030649  4.481010  75.996837  0  1.211870  0.404200  0.000000  2 Inf 
213.006919  309.627653  -33.504246  3.433736  75.272844  0  0.644744  4.000000  0.000000  2 Inf 
217.204789  309.377686  -116.193074  1.424457  26.982061  1  18.758750  1.827611  0.000000  3 Inf 
213.596395  309.699070  -35.205253  3.545724  73.037865  0  1.309468  4.000000  0.000000  3 Inf 
219.642255  311.788703  -103.047917  1.000000  26.255280  0  1.378350  4.000000  0.746426  4 Inf 
212.684742  312.846576  -47.605767  3.552858  70.046768  0  1.792446  4.000000  0.000000  4 Inf 
219.219272  311.834269  -83.922534  1.504159  18.401462  0  24.429934  4.000000  0.000000  5 Inf 
SimTimeUntilNow 5299.307 
selected chromosome 
212.378855  311.497802  -39.938162  3.094357  70.707435  1  0.088989  0.045612  0.183705  1 Inf 
218.464882  312.903119  -82.615896  1.000000  19.990094  1  0.057468  0.163819  1.254589  1 Inf 
213.059805  310.101864  -31.707712  4.167706  76.456656  1  0.862762  0.058443  0.000000  1 Inf 
212.411576  311.542514  -39.947290  3.090380  70.800482  0  0.030656  4.000000  0.273117  1 Inf 
220.199009  311.815408  -104.739796  1.000000  23.927253  1  0.648608  0.301757  0.015353  1 1.091089 
212.397851  311.498734  -39.864912  3.080164  70.595280  0  0.072606  4.000000  0.099736  1 1.048347 
214.040810  310.667119  -32.780962  3.641507  75.568811  1  0.397957  0.093729  0.118568  1 0.537556 
214.059805  310.668052  -32.707712  3.627314  75.456656  1  0.856572  0.093733  0.024173  1 0.316773 
212.175214  311.321553  -40.002549  3.232123  70.227704  0  0.649293  0.116822  0.000000  1 0.279885 
214.059805  310.668052  -32.707712  3.627314  75.456656  1  0.473175  0.093736  0.024173  1 0.213202 
SimTimeUntilNow 5299.308 

 Total number of times we call the sim until now = 200 
%%%%%%%%%%%%%%% 
Generation Number = 21 
Intermediate_Chromosome after sorting 
212.378855  311.497802  -39.938162  3.094357  70.707435  1  0.088989  0.045612  0.183705  1 Inf 
218.464882  312.903119  -82.615896  1.000000  19.990094  1  0.057468  0.163819  1.254589  1 Inf 
212.411576  311.542514  -39.947290  3.090380  70.800482  0  0.030656  4.000000  0.273117  1 Inf 
220.199009  311.815408  -104.739796  1.000000  23.927253  1  0.648608  0.301757  0.015353  1 1.244114 
212.397851  311.498734  -39.864912  3.080164  70.595280  0  0.072606  4.000000  0.099736  1 0.067046 
214.040810  310.667119  -32.780962  3.641507  75.568811  1  0.397957  0.093729  0.118568  1 0.427680 
212.175214  311.321553  -40.002549  3.232123  70.227704  0  0.649293  0.116822  0.000000  1 Inf 
214.059805  310.668052  -32.707712  3.627314  75.456656  1  0.473175  0.093736  0.024173  1 0.429202 
212.424302  310.101602  -30.093290  3.675965  75.783456  0  0.232177  4.000000  0.091654  1 Inf 
213.066024  310.148388  -31.937657  4.090168  76.849123  1  0.722024  0.045613  0.000000  1 Inf 
213.059805  310.101864  -31.707712  4.167706  76.456656  1  0.862762  0.058443  0.000000  2 Inf 
214.059805  310.668052  -32.707712  3.627314  75.456656  1  0.856572  0.093733  0.024173  2 3.000000 
212.406316  311.522802  -39.888981  3.084188  70.681439  0  0.107818  4.000000  0.168838  2 Inf 
211.636549  310.102762  -34.206544  3.064166  72.062982  0  0.803577  4.000000  0.347661  3 2.577160 
214.025521  309.326575  -33.288051  3.913545  77.486401  0  1.377356  0.473348  0.000000  3 Inf 
212.391632  311.452211  -39.634967  3.157702  70.202813  0  0.479381  4.000000  0.826200  3 Inf 
213.051340  310.077797  -31.683643  4.163682  76.370497  0  0.997656  4.000000  0.000000  3 Inf 
212.434727  310.369818  -30.833649  4.980839  76.714873  0  1.620179  4.000000  0.000000  4 Inf 
213.437665  312.142893  -41.279439  2.668866  71.376247  0  1.665387  4.000000  0.052731  5 Inf 
213.864222  316.373062  -23.616525  3.127047  72.184458  0  8.973458  4.000000  0.967456  6 Inf 
SimTimeUntilNow 5526.160 
selected chromosome 
212.378855  311.497802  -39.938162  3.094357  70.707435  1  0.088989  0.045612  0.183705  1 Inf 
218.464882  312.903119  -82.615896  1.000000  19.990094  1  0.057468  0.163819  1.254589  1 Inf 
212.411576  311.542514  -39.947290  3.090380  70.800482  0  0.030656  4.000000  0.273117  1 Inf 
220.199009  311.815408  -104.739796  1.000000  23.927253  1  0.648608  0.301757  0.015353  1 1.244114 
212.397851  311.498734  -39.864912  3.080164  70.595280  0  0.072606  4.000000  0.099736  1 0.067046 
214.040810  310.667119  -32.780962  3.641507  75.568811  1  0.397957  0.093729  0.118568  1 0.427680 
212.175214  311.321553  -40.002549  3.232123  70.227704  0  0.649293  0.116822  0.000000  1 Inf 
214.059805  310.668052  -32.707712  3.627314  75.456656  1  0.473175  0.093736  0.024173  1 0.429202 
212.424302  310.101602  -30.093290  3.675965  75.783456  0  0.232177  4.000000  0.091654  1 Inf 
213.066024  310.148388  -31.937657  4.090168  76.849123  1  0.722024  0.045613  0.000000  1 Inf 
SimTimeUntilNow 5526.160 

 Total number of times we call the sim until now = 210 
%%%%%%%%%%%%%%% 
Generation Number = 22 
Intermediate_Chromosome after sorting 
212.378855  311.497802  -39.938162  3.094357  70.707435  1  0.088989  0.045612  0.183705  1 Inf 
218.464882  312.903119  -82.615896  1.000000  19.990094  1  0.057468  0.163819  1.254589  1 Inf 
212.411576  311.542514  -39.947290  3.090380  70.800482  0  0.030656  4.000000  0.273117  1 Inf 
220.199009  311.815408  -104.739796  1.000000  23.927253  1  0.648608  0.301757  0.015353  1 1.244114 
212.397851  311.498734  -39.864912  3.080164  70.595280  0  0.072606  4.000000  0.099736  1 0.055505 
214.040810  310.667119  -32.780962  3.641507  75.568811  1  0.397957  0.093729  0.118568  1 0.426248 
212.175214  311.321553  -40.002549  3.232123  70.227704  0  0.649293  0.116822  0.000000  1 Inf 
214.059805  310.668052  -32.707712  3.627314  75.456656  1  0.473175  0.093736  0.024173  1 0.429202 
212.424302  310.101602  -30.093290  3.675965  75.783456  0  0.232177  4.000000  0.091654  1 Inf 
213.066024  310.148388  -31.937657  4.090168  76.849123  1  0.722024  0.045613  0.000000  1 Inf 
212.411566  311.582199  -40.399108  3.090429  70.869320  1  0.065447  0.051276  0.239397  1 0.105332 
212.424035  310.090639  -29.875540  3.676012  75.826414  0  0.445324  4.000000  0.145970  2 1.462629 
212.411843  311.553476  -40.165040  3.090332  70.757523  0  0.076979  4.000000  0.212033  2 Inf 
212.424312  310.061916  -29.641472  3.675915  75.714617  0  0.626601  4.000000  0.108445  2 Inf 
211.411576  310.542514  -38.947290  2.323905  70.357005  1  1.177198  0.238150  0.504955  2 Inf 
210.809153  306.614974  -35.843745  2.072588  74.879469  0  1.433844  0.793266  0.000000  2 Inf 
211.424302  311.083120  -29.975194  3.575701  75.661435  1  1.374364  0.238079  0.304914  2 Inf 
212.424726  310.181575  -29.688572  3.657871  75.917564  0  0.558732  4.000000  0.170200  3 3.000000 
212.411152  311.462540  -40.352008  3.108474  70.666373  0  0.526526  4.000000  0.182746  3 Inf 
212.979778  308.903818  -37.048917  5.000000  70.159615  0  22.320085  1.658347  0.000000  3 Inf 
SimTimeUntilNow 5748.171 
selected chromosome 
212.378855  311.497802  -39.938162  3.094357  70.707435  1  0.088989  0.045612  0.183705  1 Inf 
218.464882  312.903119  -82.615896  1.000000  19.990094  1  0.057468  0.163819  1.254589  1 Inf 
212.411576  311.542514  -39.947290  3.090380  70.800482  0  0.030656  4.000000  0.273117  1 Inf 
212.175214  311.321553  -40.002549  3.232123  70.227704  0  0.649293  0.116822  0.000000  1 Inf 
212.424302  310.101602  -30.093290  3.675965  75.783456  0  0.232177  4.000000  0.091654  1 Inf 
213.066024  310.148388  -31.937657  4.090168  76.849123  1  0.722024  0.045613  0.000000  1 Inf 
220.199009  311.815408  -104.739796  1.000000  23.927253  1  0.648608  0.301757  0.015353  1 1.244114 
214.059805  310.668052  -32.707712  3.627314  75.456656  1  0.473175  0.093736  0.024173  1 0.429202 
214.040810  310.667119  -32.780962  3.641507  75.568811  1  0.397957  0.093729  0.118568  1 0.426248 
212.411566  311.582199  -40.399108  3.090429  70.869320  1  0.065447  0.051276  0.239397  1 0.105332 
SimTimeUntilNow 5748.171 

 Total number of times we call the sim until now = 220 
%%%%%%%%%%%%%%% 
Generation Number = 23 
Intermediate_Chromosome after sorting 
212.378855  311.497802  -39.938162  3.094357  70.707435  1  0.088989  0.045612  0.183705  1 Inf 
218.464882  312.903119  -82.615896  1.000000  19.990094  1  0.057468  0.163819  1.254589  1 Inf 
212.411576  311.542514  -39.947290  3.090380  70.800482  0  0.030656  4.000000  0.273117  1 Inf 
212.175214  311.321553  -40.002549  3.232123  70.227704  0  0.649293  0.116822  0.000000  1 Inf 
212.424302  310.101602  -30.093290  3.675965  75.783456  0  0.232177  4.000000  0.091654  1 Inf 
213.066024  310.148388  -31.937657  4.090168  76.849123  1  0.722024  0.045613  0.000000  1 Inf 
220.199009  311.815408  -104.739796  1.000000  23.927253  1  0.648608  0.301757  0.015353  1 1.244114 
214.059805  310.668052  -32.707712  3.627314  75.456656  1  0.473175  0.093736  0.024173  1 0.429202 
214.040810  310.667119  -32.780962  3.641507  75.568811  1  0.397957  0.093729  0.118568  1 0.432690 
212.411566  311.582199  -40.399108  3.090429  70.869320  1  0.065447  0.051276  0.239397  1 0.122512 
212.411082  311.543586  -39.969219  3.087023  70.711639  1  0.085474  0.051275  0.833292  1 0.817790 
212.424796  310.100529  -30.071361  3.679322  75.872298  1  0.554368  0.067790  0.769620  2 Inf 
213.411699  310.582628  -38.878224  2.868675  69.920998  0  0.138743  4.000000  0.260866  2 Inf 
214.663891  306.012234  -30.742869  2.506841  73.983363  1  1.749840  0.208295  0.000000  2 Inf 
212.423935  310.053498  -30.496696  3.674857  75.472397  1  0.257690  0.093761  0.433330  2 0.925628 
212.258929  312.585191  -40.976605  4.066789  70.422289  0  1.641224  4.000000  0.000000  2 Inf 
209.042477  309.939377  -34.477779  2.922921  76.209410  1  0.650236  0.093765  0.050477  2 1.042687 
212.411943  311.590617  -39.543884  3.091488  71.111541  0  0.238480  4.000000  0.564495  3 Inf 
213.206680  312.565479  -38.508306  2.959729  71.194689  0  2.091297  4.000000  0.030029  3 Inf 
211.758387  311.880067  -23.189843  3.054937  74.135720  0  4.652273  4.000000  0.158065  4 Inf 
SimTimeUntilNow 5975.412 
selected chromosome 
212.378855  311.497802  -39.938162  3.094357  70.707435  1  0.088989  0.045612  0.183705  1 Inf 
218.464882  312.903119  -82.615896  1.000000  19.990094  1  0.057468  0.163819  1.254589  1 Inf 
212.411576  311.542514  -39.947290  3.090380  70.800482  0  0.030656  4.000000  0.273117  1 Inf 
212.175214  311.321553  -40.002549  3.232123  70.227704  0  0.649293  0.116822  0.000000  1 Inf 
212.424302  310.101602  -30.093290  3.675965  75.783456  0  0.232177  4.000000  0.091654  1 Inf 
213.066024  310.148388  -31.937657  4.090168  76.849123  1  0.722024  0.045613  0.000000  1 Inf 
220.199009  311.815408  -104.739796  1.000000  23.927253  1  0.648608  0.301757  0.015353  1 1.244114 
212.411082  311.543586  -39.969219  3.087023  70.711639  1  0.085474  0.051275  0.833292  1 0.817790 
214.040810  310.667119  -32.780962  3.641507  75.568811  1  0.397957  0.093729  0.118568  1 0.432690 
214.059805  310.668052  -32.707712  3.627314  75.456656  1  0.473175  0.093736  0.024173  1 0.429202 
SimTimeUntilNow 5975.412 

 Total number of times we call the sim until now = 230 
%%%%%%%%%%%%%%% 
Generation Number = 24 
Intermediate_Chromosome after sorting 
212.378855  311.497802  -39.938162  3.094357  70.707435  1  0.088989  0.045612  0.183705  1 Inf 
218.464882  312.903119  -82.615896  1.000000  19.990094  1  0.057468  0.163819  1.254589  1 Inf 
212.411576  311.542514  -39.947290  3.090380  70.800482  0  0.030656  4.000000  0.273117  1 Inf 
212.175214  311.321553  -40.002549  3.232123  70.227704  0  0.649293  0.116822  0.000000  1 Inf 
212.424302  310.101602  -30.093290  3.675965  75.783456  0  0.232177  4.000000  0.091654  1 Inf 
213.066024  310.148388  -31.937657  4.090168  76.849123  1  0.722024  0.045613  0.000000  1 Inf 
220.199009  311.815408  -104.739796  1.000000  23.927253  1  0.648608  0.301757  0.015353  1 1.244114 
212.411082  311.543586  -39.969219  3.087023  70.711639  1  0.085474  0.051275  0.833292  1 0.402362 
214.040810  310.667119  -32.780962  3.641507  75.568811  1  0.397957  0.093729  0.118568  1 0.432690 
214.059805  310.668052  -32.707712  3.627314  75.456656  1  0.473175  0.093736  0.024173  1 0.429202 
212.379827  311.497785  -39.937882  3.094332  70.706322  1  0.088664  0.045612  0.821666  1 0.451586 
214.337306  311.107116  -40.550106  3.618462  70.420071  1  1.529395  0.163848  0.000000  2 Inf 
212.410604  311.542530  -39.947570  3.090405  70.801595  0  0.030939  4.000000  0.396123  2 Inf 
211.918700  311.345082  -41.119661  3.027323  72.987168  0  0.746245  4.000000  0.051731  2 Inf 
220.287037  313.251224  -124.937625  1.000000  21.659019  0  2.141315  4.000000  0.243156  3 Inf 
213.424365  310.877761  -29.297011  3.090958  76.413037  0  2.414509  4.000000  0.215874  3 Inf 
210.775774  313.407788  -33.288337  4.098164  72.663935  0  1.289237  4.000000  0.260356  3 Inf 
212.747736  310.789965  -40.947265  2.090339  71.415889  0  1.924611  4.000000  0.464099  4 Inf 
223.071164  314.073513  -106.425236  1.000000  21.916439  0  2.508374  4.000000  0.435318  4 Inf 
211.609222  312.499595  -33.519559  2.111546  72.920174  0  4.788284  4.000000  0.431776  4 Inf 
SimTimeUntilNow 6233.939 
selected chromosome 
212.378855  311.497802  -39.938162  3.094357  70.707435  1  0.088989  0.045612  0.183705  1 Inf 
218.464882  312.903119  -82.615896  1.000000  19.990094  1  0.057468  0.163819  1.254589  1 Inf 
212.411576  311.542514  -39.947290  3.090380  70.800482  0  0.030656  4.000000  0.273117  1 Inf 
212.175214  311.321553  -40.002549  3.232123  70.227704  0  0.649293  0.116822  0.000000  1 Inf 
212.424302  310.101602  -30.093290  3.675965  75.783456  0  0.232177  4.000000  0.091654  1 Inf 
213.066024  310.148388  -31.937657  4.090168  76.849123  1  0.722024  0.045613  0.000000  1 Inf 
220.199009  311.815408  -104.739796  1.000000  23.927253  1  0.648608  0.301757  0.015353  1 1.244114 
212.379827  311.497785  -39.937882  3.094332  70.706322  1  0.088664  0.045612  0.821666  1 0.451586 
214.040810  310.667119  -32.780962  3.641507  75.568811  1  0.397957  0.093729  0.118568  1 0.432690 
214.059805  310.668052  -32.707712  3.627314  75.456656  1  0.473175  0.093736  0.024173  1 0.429202 
SimTimeUntilNow 6233.940 

 Total number of times we call the sim until now = 240 
%%%%%%%%%%%%%%% 
Generation Number = 25 
Intermediate_Chromosome after sorting 
212.378855  311.497802  -39.938162  3.094357  70.707435  1  0.088989  0.045612  0.183705  1 Inf 
218.464882  312.903119  -82.615896  1.000000  19.990094  1  0.057468  0.163819  1.254589  1 Inf 
212.411576  311.542514  -39.947290  3.090380  70.800482  0  0.030656  4.000000  0.273117  1 Inf 
212.175214  311.321553  -40.002549  3.232123  70.227704  0  0.649293  0.116822  0.000000  1 Inf 
213.066024  310.148388  -31.937657  4.090168  76.849123  1  0.722024  0.045613  0.000000  1 0.105199 
220.199009  311.815408  -104.739796  1.000000  23.927253  1  0.648608  0.301757  0.015353  1 1.244114 
214.040810  310.667119  -32.780962  3.641507  75.568811  1  0.397957  0.093729  0.118568  1 0.497060 
214.059805  310.668052  -32.707712  3.627314  75.456656  1  0.473175  0.093736  0.024173  1 0.379590 
212.379305  311.498209  -39.938281  3.094258  70.707931  1  0.088242  0.045612  0.184562  1 0.116861 
212.424259  310.136688  -30.311407  3.679684  75.710989  0  0.222964  4.000000  0.029411  1 Inf 
213.066024  310.148388  -31.937657  4.090168  76.849123  1  0.722024  0.045613  0.000000  1 Inf 
212.424302  310.101602  -30.093290  3.675965  75.783456  0  0.232177  4.000000  0.091654  2 1.065872 
212.379827  311.497785  -39.937882  3.094332  70.706322  1  0.088664  0.045612  0.821666  2 Inf 
213.473093  313.876639  -51.776154  3.750849  71.547470  0  2.055727  0.514730  0.000000  2 Inf 
212.411126  311.542106  -39.947171  3.090479  70.799986  1  0.519470  0.051273  0.272121  2 1.934128 
212.424302  310.101602  -30.093290  3.675965  75.783456  0  0.232177  4.000000  0.091654  2 Inf 
212.087445  309.235296  -32.620751  5.000000  75.856357  0  8.394711  1.183805  0.000000  3 Inf 
212.411619  311.507427  -39.729173  3.086661  70.872948  0  0.458910  4.000000  0.354073  3 3.000000 
212.412189  311.521522  -40.875698  3.079211  70.806472  0  0.258545  4.000000  0.709633  3 Inf 
212.423689  310.122593  -29.164882  3.687134  75.777466  0  0.522356  4.000000  0.399144  4 Inf 
SimTimeUntilNow 6452.291 
selected chromosome 
212.378855  311.497802  -39.938162  3.094357  70.707435  1  0.088989  0.045612  0.183705  1 Inf 
218.464882  312.903119  -82.615896  1.000000  19.990094  1  0.057468  0.163819  1.254589  1 Inf 
212.411576  311.542514  -39.947290  3.090380  70.800482  0  0.030656  4.000000  0.273117  1 Inf 
212.175214  311.321553  -40.002549  3.232123  70.227704  0  0.649293  0.116822  0.000000  1 Inf 
212.424259  310.136688  -30.311407  3.679684  75.710989  0  0.222964  4.000000  0.029411  1 Inf 
213.066024  310.148388  -31.937657  4.090168  76.849123  1  0.722024  0.045613  0.000000  1 Inf 
220.199009  311.815408  -104.739796  1.000000  23.927253  1  0.648608  0.301757  0.015353  1 1.244114 
214.040810  310.667119  -32.780962  3.641507  75.568811  1  0.397957  0.093729  0.118568  1 0.497060 
214.059805  310.668052  -32.707712  3.627314  75.456656  1  0.473175  0.093736  0.024173  1 0.379590 
212.379305  311.498209  -39.938281  3.094258  70.707931  1  0.088242  0.045612  0.184562  1 0.116861 
SimTimeUntilNow 6452.291 

 Total number of times we call the sim until now = 250 
%%%%%%%%%%%%%%% 
Generation Number = 26 
Intermediate_Chromosome after sorting 
212.378855  311.497802  -39.938162  3.094357  70.707435  1  0.088989  0.045612  0.183705  1 0.181525 
218.464882  312.903119  -82.615896  1.000000  19.990094  1  0.057468  0.163819  1.254589  1 Inf 
212.411576  311.542514  -39.947290  3.090380  70.800482  0  0.030656  4.000000  0.273117  1 Inf 
212.175214  311.321553  -40.002549  3.232123  70.227704  0  0.649293  0.116822  0.000000  1 Inf 
212.424259  310.136688  -30.311407  3.679684  75.710989  0  0.222964  4.000000  0.029411  1 Inf 
213.066024  310.148388  -31.937657  4.090168  76.849123  1  0.722024  0.045613  0.000000  1 Inf 
220.199009  311.815408  -104.739796  1.000000  23.927253  1  0.648608  0.301757  0.015353  1 1.244113 
214.040810  310.667119  -32.780962  3.641507  75.568811  1  0.397957  0.093729  0.118568  1 0.488214 
214.059805  310.668052  -32.707712  3.627314  75.456656  1  0.473175  0.093736  0.024173  1 0.379590 
212.379305  311.498209  -39.938281  3.094258  70.707931  1  0.088242  0.045612  0.184562  1 0.116861 
213.067066  310.092751  -31.810857  4.093137  77.316557  1  0.709094  0.080592  0.000000  1 0.129604 
212.433819  310.113286  -30.746388  3.673545  75.675179  1  0.177375  0.045610  0.545361  1 Inf 
211.973699  309.928821  -32.288212  3.079509  68.212292  0  0.104116  4.000000  0.516549  2 Inf 
212.175463  311.368303  -40.495805  3.221098  70.156160  0  0.716085  0.156613  0.000000  2 Inf 
212.424010  310.089938  -29.818151  3.690710  75.782533  0  0.542261  4.000000  0.180110  2 Inf 
212.213158  309.136374  -30.266634  4.335561  75.206398  0  1.905248  0.743159  0.000000  3 Inf 
212.165653  311.344955  -39.567568  3.238262  70.263514  0  0.630841  4.000000  0.278405  3 Inf 
212.174171  311.377191  -40.129348  3.229153  69.760270  0  0.689919  4.000000  0.452660  4 Inf 
211.424259  310.272674  -29.311407  2.722290  76.601112  0  2.241326  4.000000  0.177984  4 Inf 
215.597903  305.236272  -42.651899  2.593781  79.337843  0  22.164253  1.864433  0.000000  4 Inf 
SimTimeUntilNow 6670.477 
selected chromosome 
218.464882  312.903119  -82.615896  1.000000  19.990094  1  0.057468  0.163819  1.254589  1 Inf 
212.411576  311.542514  -39.947290  3.090380  70.800482  0  0.030656  4.000000  0.273117  1 Inf 
212.175214  311.321553  -40.002549  3.232123  70.227704  0  0.649293  0.116822  0.000000  1 Inf 
212.424259  310.136688  -30.311407  3.679684  75.710989  0  0.222964  4.000000  0.029411  1 Inf 
213.066024  310.148388  -31.937657  4.090168  76.849123  1  0.722024  0.045613  0.000000  1 Inf 
212.433819  310.113286  -30.746388  3.673545  75.675179  1  0.177375  0.045610  0.545361  1 Inf 
220.199009  311.815408  -104.739796  1.000000  23.927253  1  0.648608  0.301757  0.015353  1 1.244113 
214.040810  310.667119  -32.780962  3.641507  75.568811  1  0.397957  0.093729  0.118568  1 0.488214 
214.059805  310.668052  -32.707712  3.627314  75.456656  1  0.473175  0.093736  0.024173  1 0.379590 
212.378855  311.497802  -39.938162  3.094357  70.707435  1  0.088989  0.045612  0.183705  1 0.181525 
SimTimeUntilNow 6670.478 

 Total number of times we call the sim until now = 260 
%%%%%%%%%%%%%%% 
Generation Number = 27 
Intermediate_Chromosome after sorting 
218.464882  312.903119  -82.615896  1.000000  19.990094  1  0.057468  0.163819  1.254589  1 Inf 
212.411576  311.542514  -39.947290  3.090380  70.800482  0  0.030656  4.000000  0.273117  1 Inf 
212.175214  311.321553  -40.002549  3.232123  70.227704  0  0.649293  0.116822  0.000000  1 Inf 
212.424259  310.136688  -30.311407  3.679684  75.710989  0  0.222964  4.000000  0.029411  1 0.363885 
213.066024  310.148388  -31.937657  4.090168  76.849123  1  0.722024  0.045613  0.000000  1 Inf 
212.433819  310.113286  -30.746388  3.673545  75.675179  1  0.177375  0.045610  0.545361  1 Inf 
220.199009  311.815408  -104.739796  1.000000  23.927253  1  0.648608  0.301757  0.015353  1 1.244113 
214.040810  310.667119  -32.780962  3.641507  75.568811  1  0.397957  0.093729  0.118568  1 0.443832 
214.059805  310.668052  -32.707712  3.627314  75.456656  1  0.473175  0.093736  0.024173  1 0.379590 
212.378855  311.497802  -39.938162  3.094357  70.707435  1  0.088989  0.045612  0.183705  1 0.296623 
213.072079  310.148789  -31.935060  4.078183  76.797596  1  0.684812  0.045615  0.000000  1 0.129604 
212.418204  310.136288  -30.314004  3.691668  75.762516  0  0.186066  4.000000  0.096190  1 Inf 
218.262156  312.898575  -84.301491  1.018255  21.638747  1  0.446832  0.413318  1.617419  2 Inf 
212.357846  311.389137  -39.326512  3.227299  70.723211  0  0.904173  4.000000  0.194220  2 2.244544 
218.429207  312.956820  -81.369876  1.093550  17.694964  1  2.837466  0.606969  0.000000  2 Inf 
212.459934  310.082987  -31.557427  3.586134  78.006119  0  0.307625  4.000000  0.571858  2 Inf 
212.377939  311.326097  -38.316954  3.213868  68.579051  0  0.930550  4.000000  0.227075  3 3.000000 
218.282250  312.835535  -83.291932  1.004824  19.494587  0  0.486660  4.000000  0.820743  3 Inf 
212.066172  309.148382  -30.937489  5.000000  77.842381  0  4.888738  0.980430  0.000000  3 Inf 
213.981537  311.510285  -47.933119  2.102492  77.490528  0  2.205800  4.000000  0.412399  4 Inf 
SimTimeUntilNow 6919.501 
selected chromosome 
218.464882  312.903119  -82.615896  1.000000  19.990094  1  0.057468  0.163819  1.254589  1 Inf 
212.411576  311.542514  -39.947290  3.090380  70.800482  0  0.030656  4.000000  0.273117  1 Inf 
212.175214  311.321553  -40.002549  3.232123  70.227704  0  0.649293  0.116822  0.000000  1 Inf 
213.066024  310.148388  -31.937657  4.090168  76.849123  1  0.722024  0.045613  0.000000  1 Inf 
212.433819  310.113286  -30.746388  3.673545  75.675179  1  0.177375  0.045610  0.545361  1 Inf 
212.418204  310.136288  -30.314004  3.691668  75.762516  0  0.186066  4.000000  0.096190  1 Inf 
220.199009  311.815408  -104.739796  1.000000  23.927253  1  0.648608  0.301757  0.015353  1 1.244113 
214.040810  310.667119  -32.780962  3.641507  75.568811  1  0.397957  0.093729  0.118568  1 0.443832 
214.059805  310.668052  -32.707712  3.627314  75.456656  1  0.473175  0.093736  0.024173  1 0.379590 
212.424259  310.136688  -30.311407  3.679684  75.710989  0  0.222964  4.000000  0.029411  1 0.363885 
SimTimeUntilNow 6919.502 

 Total number of times we call the sim until now = 270 
%%%%%%%%%%%%%%% 
Generation Number = 28 
Intermediate_Chromosome after sorting 
218.464882  312.903119  -82.615896  1.000000  19.990094  1  0.057468  0.163819  1.254589  1 Inf 
212.411576  311.542514  -39.947290  3.090380  70.800482  0  0.030656  4.000000  0.273117  1 Inf 
212.175214  311.321553  -40.002549  3.232123  70.227704  0  0.649293  0.116822  0.000000  1 Inf 
213.066024  310.148388  -31.937657  4.090168  76.849123  1  0.722024  0.045613  0.000000  1 Inf 
212.433819  310.113286  -30.746388  3.673545  75.675179  1  0.177375  0.045610  0.545361  1 Inf 
212.418204  310.136288  -30.314004  3.691668  75.762516  0  0.186066  4.000000  0.096190  1 0.137006 
220.199009  311.815408  -104.739796  1.000000  23.927253  1  0.648608  0.301757  0.015353  1 1.244113 
214.040810  310.667119  -32.780962  3.641507  75.568811  1  0.397957  0.093729  0.118568  1 0.515100 
214.059805  310.668052  -32.707712  3.627314  75.456656  1  0.473175  0.093736  0.024173  1 0.379590 
212.424259  310.136688  -30.311407  3.679684  75.710989  0  0.222964  4.000000  0.029411  1 Inf 
213.953852  310.652062  -38.374069  3.610213  77.730014  0  0.787141  4.000000  0.000000  2 Inf 
218.570836  312.919108  -76.949539  1.017101  17.716736  1  1.109077  0.362441  0.000000  2 Inf 
211.427831  309.065943  -29.688626  2.672928  74.677567  0  0.901954  4.000000  0.217097  3 Inf 
213.017537  309.669925  -33.805160  3.850585  76.454214  0  1.355675  0.436740  0.000000  3 Inf 
211.426307  310.442315  -31.846406  2.728190  74.969621  0  2.042327  4.000000  0.389865  4 Inf 
215.547227  310.843413  -26.371925  3.435228  75.018619  0  2.880336  4.000000  0.337372  4 Inf 
213.402045  308.493637  -29.924459  4.403893  74.168275  0  3.654698  0.946534  0.000000  4 Inf 
217.528262  308.544643  -36.346251  4.090763  75.446156  0  5.024087  1.095676  0.000000  5 Inf 
218.447937  312.007007  -83.732105  1.772766  20.161502  0  27.360550  3.824466  0.000000  6 Inf 
214.572382  306.009582  -38.694723  4.148007  77.242276  0  28.267099  1.859384  0.000000  6 Inf 
SimTimeUntilNow 7148.299 
selected chromosome 
218.464882  312.903119  -82.615896  1.000000  19.990094  1  0.057468  0.163819  1.254589  1 Inf 
212.411576  311.542514  -39.947290  3.090380  70.800482  0  0.030656  4.000000  0.273117  1 Inf 
212.175214  311.321553  -40.002549  3.232123  70.227704  0  0.649293  0.116822  0.000000  1 Inf 
213.066024  310.148388  -31.937657  4.090168  76.849123  1  0.722024  0.045613  0.000000  1 Inf 
212.433819  310.113286  -30.746388  3.673545  75.675179  1  0.177375  0.045610  0.545361  1 Inf 
212.418204  310.136288  -30.314004  3.691668  75.762516  0  0.186066  4.000000  0.096190  1 0.137006 
220.199009  311.815408  -104.739796  1.000000  23.927253  1  0.648608  0.301757  0.015353  1 1.244113 
214.040810  310.667119  -32.780962  3.641507  75.568811  1  0.397957  0.093729  0.118568  1 0.515100 
214.059805  310.668052  -32.707712  3.627314  75.456656  1  0.473175  0.093736  0.024173  1 0.379590 
212.424259  310.136688  -30.311407  3.679684  75.710989  0  0.222964  4.000000  0.029411  1 Inf 
SimTimeUntilNow 7148.300 

 Total number of times we call the sim until now = 280 
%%%%%%%%%%%%%%% 
Generation Number = 29 
Intermediate_Chromosome after sorting 
218.464882  312.903119  -82.615896  1.000000  19.990094  1  0.057468  0.163819  1.254589  1 Inf 
212.411576  311.542514  -39.947290  3.090380  70.800482  0  0.030656  4.000000  0.273117  1 Inf 
212.175214  311.321553  -40.002549  3.232123  70.227704  0  0.649293  0.116822  0.000000  1 Inf 
213.066024  310.148388  -31.937657  4.090168  76.849123  1  0.722024  0.045613  0.000000  1 Inf 
212.433819  310.113286  -30.746388  3.673545  75.675179  1  0.177375  0.045610  0.545361  1 Inf 
212.418204  310.136288  -30.314004  3.691668  75.762516  0  0.186066  4.000000  0.096190  1 0.137006 
220.199009  311.815408  -104.739796  1.000000  23.927253  1  0.648608  0.301757  0.015353  1 1.061804 
214.040810  310.667119  -32.780962  3.641507  75.568811  1  0.397957  0.093729  0.118568  1 0.515100 
214.059805  310.668052  -32.707712  3.627314  75.456656  1  0.473175  0.093736  0.024173  1 0.308150 
212.424259  310.136688  -30.311407  3.679684  75.710989  0  0.222964  4.000000  0.029411  1 0.363885 
212.429213  310.054243  -31.827387  3.701874  72.841455  0  0.599217  4.000000  0.000000  1 Inf 
218.366372  312.858558  -83.577589  1.138981  19.369480  1  2.027988  0.505641  0.000000  2 Inf 
213.148689  310.052996  -30.768518  4.084223  74.633171  0  0.650356  4.000000  0.000000  2 Inf 
212.532330  310.157847  -29.784695  3.534564  76.295793  0  0.671067  4.000000  0.092109  3 Inf 
212.765743  310.147590  -31.482220  4.056789  74.601055  0  0.784550  4.000000  0.000000  3 Inf 
212.072128  308.945034  -39.303539  4.345790  76.647811  0  17.637013  1.425143  0.000000  3 Inf 
218.382217  312.998511  -83.785035  1.005944  22.206046  0  1.050425  4.000000  0.083441  4 Inf 
220.499291  311.816206  -105.195233  1.033379  26.175321  0  1.288958  4.000000  0.891625  5 Inf 
218.469489  312.962162  -81.534897  1.000000  22.823819  0  1.439180  4.000000  2.297115  6 Inf 
219.469424  314.189310  -80.678381  1.000000  19.591163  0  1.328926  4.000000  2.636400  6 Inf 
SimTimeUntilNow 7414.494 
selected chromosome 
218.464882  312.903119  -82.615896  1.000000  19.990094  1  0.057468  0.163819  1.254589  1 Inf 
212.411576  311.542514  -39.947290  3.090380  70.800482  0  0.030656  4.000000  0.273117  1 Inf 
212.175214  311.321553  -40.002549  3.232123  70.227704  0  0.649293  0.116822  0.000000  1 Inf 
213.066024  310.148388  -31.937657  4.090168  76.849123  1  0.722024  0.045613  0.000000  1 Inf 
212.433819  310.113286  -30.746388  3.673545  75.675179  1  0.177375  0.045610  0.545361  1 Inf 
212.429213  310.054243  -31.827387  3.701874  72.841455  0  0.599217  4.000000  0.000000  1 Inf 
220.199009  311.815408  -104.739796  1.000000  23.927253  1  0.648608  0.301757  0.015353  1 1.061804 
214.040810  310.667119  -32.780962  3.641507  75.568811  1  0.397957  0.093729  0.118568  1 0.515100 
212.424259  310.136688  -30.311407  3.679684  75.710989  0  0.222964  4.000000  0.029411  1 0.363885 
214.059805  310.668052  -32.707712  3.627314  75.456656  1  0.473175  0.093736  0.024173  1 0.308150 

 solution 
218.464882  312.903119  -82.615896  1.000000  19.990094  1  0.057468  0.163819  1.254589  1 Inf 
212.411576  311.542514  -39.947290  3.090380  70.800482  0  0.030656  4.000000  0.273117  1 Inf 
212.175214  311.321553  -40.002549  3.232123  70.227704  0  0.649293  0.116822  0.000000  1 Inf 
213.066024  310.148388  -31.937657  4.090168  76.849123  1  0.722024  0.045613  0.000000  1 Inf 
212.433819  310.113286  -30.746388  3.673545  75.675179  1  0.177375  0.045610  0.545361  1 Inf 
212.429213  310.054243  -31.827387  3.701874  72.841455  0  0.599217  4.000000  0.000000  1 Inf 
220.199009  311.815408  -104.739796  1.000000  23.927253  1  0.648608  0.301757  0.015353  1 1.061804 
214.040810  310.667119  -32.780962  3.641507  75.568811  1  0.397957  0.093729  0.118568  1 0.515100 
212.424259  310.136688  -30.311407  3.679684  75.710989  0  0.222964  4.000000  0.029411  1 0.363885 
214.059805  310.668052  -32.707712  3.627314  75.456656  1  0.473175  0.093736  0.024173  1 0.308150 
totSimTime 7414.496 

 Total number of times we call the sim in about 150mn = 290 
