
 initial chromosome
x0P       y0P        Th0P       v0P      v0C     Det   OF1    OF2   OF3     Rank    CD  
254.165156  304.847666  -92.026082  2.039482  72.725917  1  0.709207  0.051281  0.000000  1 Inf 
216.279536  313.593603  -49.552509  2.521783  52.659790  0  1.401233  4.000000  0.590218  2 1.330348 
202.630529  304.451352  -76.304294  4.116669  84.298523  0  59.547235  2.813413  0.000000  2 Inf 
206.143904  311.144708  -83.673123  1.047608  32.727396  1  0.790312  0.374236  2.993077  2 Inf 
236.828826  307.168627  -61.510508  3.756858  68.240298  0  14.502419  4.000000  0.000000  2 0.327990 
251.378104  310.748452  -20.463834  1.312702  41.847403  0  7.772845  4.000000  0.056091  2 Inf 
204.632430  316.254675  -139.443893  4.099642  74.214998  0  27.044536  3.165164  0.000000  2 1.112636 
225.741899  315.588419  -118.178357  2.055212  16.174568  0  28.163689  4.000000  0.000000  3 Inf 
226.985204  304.839678  -112.522764  4.653349  16.765461  0  52.945118  4.000000  0.000000  4 Inf 
208.241850  314.075699  -102.654195  3.114133  17.912050  0  55.535285  4.000000  0.000000  5 Inf 
SimTimeUntilNow 242.125 

 Total number of times we call the sim until now = 0 
%%%%%%%%%%%%%%% 
Generation Number = 1 
Intermediate_Chromosome after sorting 
254.165156  304.847666  -92.026082  2.039482  72.725917  1  0.709207  0.051281  0.000000  1 Inf 
254.235091  305.298228  -88.081600  2.021187  72.988497  1  0.411813  0.180481  2.619290  1 Inf 
256.679241  304.604174  -107.499326  2.133125  73.890093  1  0.503867  0.336408  0.000000  1 Inf 
254.231446  304.838110  -91.426965  2.077772  73.785465  1  0.624988  0.180488  0.000000  1 2.237335 
206.143904  311.144708  -83.673123  1.047608  32.727396  1  0.790312  0.374236  2.993077  2 Inf 
253.161186  304.506457  -95.070297  1.871653  71.152767  1  1.088837  0.093776  0.000000  2 Inf 
255.020026  303.940840  -96.984429  1.838966  73.483548  1  1.201019  0.302513  0.000000  3 Inf 
216.279536  313.593603  -49.552509  2.521783  52.659790  0  1.401233  4.000000  0.590218  4 Inf 
202.630529  304.451352  -76.304294  4.116669  84.298523  0  59.547235  2.813413  0.000000  4 Inf 
236.828826  307.168627  -61.510508  3.756858  68.240298  0  14.502419  4.000000  0.000000  4 0.331436 
251.378104  310.748452  -20.463834  1.312702  41.847403  0  7.772845  4.000000  0.056091  4 0.477457 
204.632430  316.254675  -139.443893  4.099642  74.214998  0  27.044536  3.165164  0.000000  4 1.869719 
251.308168  310.297890  -24.408316  1.330997  41.584822  0  7.059535  4.000000  0.388498  4 0.747859 
251.311814  310.758007  -21.062951  1.274412  40.787854  0  7.742692  4.000000  0.213188  4 Inf 
225.741899  315.588419  -118.178357  2.055212  16.174568  0  28.163689  4.000000  0.000000  5 Inf 
251.007471  311.468885  -33.969503  1.000000  41.990922  0  8.154836  4.000000  0.302697  5 Inf 
252.412391  311.844411  -23.084033  1.000000  42.630894  0  9.034178  4.000000  0.213042  5 Inf 
226.985204  304.839678  -112.522764  4.653349  16.765461  0  52.945118  4.000000  0.000000  6 Inf 
250.681786  311.645804  -32.916156  1.000000  41.617935  0  8.333111  4.000000  0.376823  6 Inf 
208.241850  314.075699  -102.654195  3.114133  17.912050  0  55.535285  4.000000  0.000000  7 Inf 
SimTimeUntilNow 570.876 
selected chromosome 
254.165156  304.847666  -92.026082  2.039482  72.725917  1  0.709207  0.051281  0.000000  1 Inf 
254.235091  305.298228  -88.081600  2.021187  72.988497  1  0.411813  0.180481  2.619290  1 Inf 
256.679241  304.604174  -107.499326  2.133125  73.890093  1  0.503867  0.336408  0.000000  1 Inf 
254.231446  304.838110  -91.426965  2.077772  73.785465  1  0.624988  0.180488  0.000000  1 2.237335 
206.143904  311.144708  -83.673123  1.047608  32.727396  1  0.790312  0.374236  2.993077  2 Inf 
253.161186  304.506457  -95.070297  1.871653  71.152767  1  1.088837  0.093776  0.000000  2 Inf 
255.020026  303.940840  -96.984429  1.838966  73.483548  1  1.201019  0.302513  0.000000  3 Inf 
216.279536  313.593603  -49.552509  2.521783  52.659790  0  1.401233  4.000000  0.590218  4 Inf 
202.630529  304.451352  -76.304294  4.116669  84.298523  0  59.547235  2.813413  0.000000  4 Inf 
251.311814  310.758007  -21.062951  1.274412  40.787854  0  7.742692  4.000000  0.213188  4 Inf 
SimTimeUntilNow 570.918 

 Total number of times we call the sim until now = 10 
%%%%%%%%%%%%%%% 
Generation Number = 2 
Intermediate_Chromosome after sorting 
254.165156  304.847666  -92.026082  2.039482  72.725917  1  0.709207  0.051281  0.000000  1 Inf 
254.235091  305.298228  -88.081600  2.021187  72.988497  1  0.411813  0.180481  2.619290  1 Inf 
251.679250  303.750000  -86.314970  1.098186  73.627757  1  0.451800  0.084611  0.000000  1 2.086945 
256.282454  303.802241  -108.664282  1.182071  74.888016  1  0.281393  0.200818  1.382441  1 Inf 
254.231446  304.838110  -91.426965  2.077772  73.785465  1  0.624988  0.180488  0.000000  2 Inf 
253.161186  304.506457  -95.070297  1.871653  71.152767  1  1.088837  0.093776  0.000000  2 Inf 
256.716747  304.604308  -107.562525  2.131493  73.887717  1  0.496571  0.234722  0.000000  2 1.313033 
254.127649  304.847532  -91.962883  2.041114  72.728292  1  0.727493  0.116823  0.000000  2 1.686967 
254.236397  305.302972  -87.874336  2.021808  72.995062  0  0.391077  4.000000  2.705316  2 Inf 
256.679241  304.604174  -107.499326  2.133125  73.890093  1  0.503867  0.336408  0.000000  3 Inf 
255.020026  303.940840  -96.984429  1.838966  73.483548  1  1.201019  0.302513  0.000000  3 Inf 
256.677935  304.599430  -107.706591  2.132504  73.883528  1  0.597899  0.336408  0.000000  4 Inf 
206.143904  311.144708  -83.673123  1.047608  32.727396  1  0.790312  0.374236  2.993077  5 Inf 
252.993029  304.674194  -85.036995  3.286369  72.713656  1  4.810994  0.345907  0.000000  5 Inf 
254.086967  304.943778  -93.116774  2.089103  73.378676  1  0.622753  0.676460  0.000000  5 Inf 
216.279536  313.593603  -49.552509  2.521783  52.659790  0  1.401233  4.000000  0.590218  6 2.019507 
202.630529  304.451352  -76.304294  4.116669  84.298523  0  59.547235  2.813413  0.000000  6 Inf 
251.311814  310.758007  -21.062951  1.274412  40.787854  0  7.742692  4.000000  0.213188  6 1.258042 
253.877634  307.629416  -81.461917  3.816447  70.971901  0  0.997636  4.000000  2.227777  6 Inf 
257.362661  305.613226  -106.264687  1.132243  74.902572  0  2.475801  4.000000  3.379669  7 Inf 
SimTimeUntilNow 764.034 
selected chromosome 
254.165156  304.847666  -92.026082  2.039482  72.725917  1  0.709207  0.051281  0.000000  1 Inf 
254.235091  305.298228  -88.081600  2.021187  72.988497  1  0.411813  0.180481  2.619290  1 Inf 
251.679250  303.750000  -86.314970  1.098186  73.627757  1  0.451800  0.084611  0.000000  1 2.086945 
256.282454  303.802241  -108.664282  1.182071  74.888016  1  0.281393  0.200818  1.382441  1 Inf 
254.231446  304.838110  -91.426965  2.077772  73.785465  1  0.624988  0.180488  0.000000  2 Inf 
253.161186  304.506457  -95.070297  1.871653  71.152767  1  1.088837  0.093776  0.000000  2 Inf 
256.716747  304.604308  -107.562525  2.131493  73.887717  1  0.496571  0.234722  0.000000  2 1.313033 
254.127649  304.847532  -91.962883  2.041114  72.728292  1  0.727493  0.116823  0.000000  2 1.686967 
254.236397  305.302972  -87.874336  2.021808  72.995062  0  0.391077  4.000000  2.705316  2 Inf 
256.679241  304.604174  -107.499326  2.133125  73.890093  1  0.503867  0.336408  0.000000  3 Inf 
SimTimeUntilNow 764.040 

 Total number of times we call the sim until now = 20 
%%%%%%%%%%%%%%% 
Generation Number = 3 
Intermediate_Chromosome after sorting 
256.282454  303.802241  -108.664282  1.182071  74.888016  1  0.281393  0.200818  1.382441  1 Inf 
251.899818  303.750000  -84.520233  1.000000  73.586574  1  0.155241  0.326913  0.000000  1 Inf 
256.291340  303.826279  -108.401489  1.176706  74.859779  1  0.301672  0.051265  0.000000  1 Inf 
254.165156  304.847666  -92.026082  2.039482  72.725917  1  0.709207  0.051281  0.000000  2 Inf 
254.235091  305.298228  -88.081600  2.021187  72.988497  1  0.411813  0.180481  2.619290  2 1.145609 
251.679250  303.750000  -86.314970  1.098186  73.627757  1  0.451800  0.084611  0.000000  2 1.878670 
254.236397  305.302972  -87.874336  2.021808  72.995062  0  0.391077  4.000000  2.705316  2 Inf 
254.226206  305.274190  -88.344394  2.026552  73.016735  0  0.426381  4.000000  2.588782  2 Inf 
254.231446  304.838110  -91.426965  2.077772  73.785465  1  0.624988  0.180488  0.000000  3 Inf 
253.161186  304.506457  -95.070297  1.871653  71.152767  1  1.088837  0.093776  0.000000  3 Inf 
256.716747  304.604308  -107.562525  2.131493  73.887717  1  0.496571  0.234722  0.000000  3 Inf 
254.127649  304.847532  -91.962883  2.041114  72.728292  1  0.727493  0.116823  0.000000  3 2.317367 
254.235951  305.301735  -88.319547  2.022011  72.985729  1  0.428271  0.180481  2.622460  3 Inf 
256.679241  304.604174  -107.499326  2.133125  73.890093  1  0.503867  0.336408  0.000000  4 Inf 
253.014416  304.203859  -109.727411  1.677907  71.523482  1  0.924291  0.119444  0.000000  4 Inf 
255.282454  304.802241  -107.664282  1.551066  75.617986  1  0.766673  0.344570  0.576479  5 1.949567 
256.989216  305.061847  -77.802975  3.889487  71.577601  1  2.644285  0.234690  0.000000  5 Inf 
256.738076  304.107028  -122.225828  1.000000  73.393217  1  0.967370  0.180171  0.698474  5 Inf 
254.164295  304.844159  -91.788135  2.038657  72.728685  1  0.702544  0.471996  0.000000  5 Inf 
255.235091  305.425450  -89.081600  1.640161  72.759982  1  0.778982  0.404157  3.191535  6 Inf 
SimTimeUntilNow 961.728 
selected chromosome 
256.282454  303.802241  -108.664282  1.182071  74.888016  1  0.281393  0.200818  1.382441  1 Inf 
251.899818  303.750000  -84.520233  1.000000  73.586574  1  0.155241  0.326913  0.000000  1 Inf 
256.291340  303.826279  -108.401489  1.176706  74.859779  1  0.301672  0.051265  0.000000  1 Inf 
254.165156  304.847666  -92.026082  2.039482  72.725917  1  0.709207  0.051281  0.000000  2 Inf 
254.235091  305.298228  -88.081600  2.021187  72.988497  1  0.411813  0.180481  2.619290  2 1.145609 
251.679250  303.750000  -86.314970  1.098186  73.627757  1  0.451800  0.084611  0.000000  2 1.878670 
254.236397  305.302972  -87.874336  2.021808  72.995062  0  0.391077  4.000000  2.705316  2 Inf 
254.226206  305.274190  -88.344394  2.026552  73.016735  0  0.426381  4.000000  2.588782  2 Inf 
254.231446  304.838110  -91.426965  2.077772  73.785465  1  0.624988  0.180488  0.000000  3 Inf 
253.161186  304.506457  -95.070297  1.871653  71.152767  1  1.088837  0.093776  0.000000  3 Inf 

 solution 
256.282454  303.802241  -108.664282  1.182071  74.888016  1  0.281393  0.200818  1.382441  1 Inf 
251.899818  303.750000  -84.520233  1.000000  73.586574  1  0.155241  0.326913  0.000000  1 Inf 
256.291340  303.826279  -108.401489  1.176706  74.859779  1  0.301672  0.051265  0.000000  1 Inf 
254.165156  304.847666  -92.026082  2.039482  72.725917  1  0.709207  0.051281  0.000000  2 Inf 
254.235091  305.298228  -88.081600  2.021187  72.988497  1  0.411813  0.180481  2.619290  2 1.145609 
251.679250  303.750000  -86.314970  1.098186  73.627757  1  0.451800  0.084611  0.000000  2 1.878670 
254.236397  305.302972  -87.874336  2.021808  72.995062  0  0.391077  4.000000  2.705316  2 Inf 
254.226206  305.274190  -88.344394  2.026552  73.016735  0  0.426381  4.000000  2.588782  2 Inf 
254.231446  304.838110  -91.426965  2.077772  73.785465  1  0.624988  0.180488  0.000000  3 Inf 
253.161186  304.506457  -95.070297  1.871653  71.152767  1  1.088837  0.093776  0.000000  3 Inf 
totSimTime 961.731 

 Total number of times we call the sim in about 150mn = 30 
